0.551
002781955
4, 0, 2243873058
4, 0, 1795044265
4, 0, 1685365352
4, 0, 2015668380
4, 0, 2067376379
4, 0, 2258838874
0, 4, 1469174690
4, 0, 2052302083
0, 4, 2000722236
4, 0, 1983024589
4, 0, 2178718215
0, 4, 2008624625
4, 0, 1975100971
4, 0, 2182826665
0, 4, 1832636113
4, 0, 2059900231
4, 0, 2256486462
0, 4, 2187665340
4, 0, 1995335542
0, 4, 1999082500
4, 0, 1984393203
4, 0, 1969594766
4, 0, 2211351615
0, 4, 2191433897
4, 0, 2327045034
4, 0, 1977641795
0, 4, 2193155115
4, 0, 1968149051
4, 0, 2298766834
4, 0, 2265607093
0, 4, 1564855353
0, 4, 2179106755
4, 0, 2017349405
4, 0, 2016911165
4, 0, 2053863764
4, 0, 1752124791
4, 0, 2263902252
4, 0, 1573392336
4, 0, 2299163652
4, 0, 1824905571
4, 0, 2051213824
4, 0, 2012557382
4, 0, 2188627507
4, 0, 2065108634
4, 0, 1792538135
4, 0, 1693137952
4, 0, 2204867919
4, 0, 2235214993
4, 0, 2066281566
4, 0, 2176477147
4, 0, 2261700276
4, 0, 1753673141
4, 0, 2013027416
0, 4, 2187367873
4, 0, 1980107813
4, 0, 2187318415
4, 0, 2300885132
4, 0, 2205820368
4, 0, 2054590838
4, 0, 1969494477
4, 0, 2221215501
0, 4, 2002524431
4, 0, 2266129775
4, 0, 1932873142
0, 4, 2060293142
4, 0, 1969718774
4, 0, 2177044060
0, 4, 2006532087
4, 0, 2261286948
0, 4, 2002833024
4, 0, 2174728297
4, 0, 1792443451
4, 0, 2054199041
4, 0, 2050673355
4, 0, 2325910133
4, 0, 2325376673
4, 0, 2325050123
4, 0, 2190875744
0, 4, 1984882031
4, 0, 2217806529
4, 0, 1822900344
4, 0, 1825874213
4, 0, 1883104826
4, 0, 2190825460
4, 0, 1679202607
4, 0, 2227142167
4, 0, 2218841792
4, 0, 1966550460
4, 0, 2184423890
4, 0, 2066115403
4, 0, 1985820444
4, 0, 1880130173
4, 0, 2224402487
4, 0, 1793609450
4, 0, 2254819574
4, 0, 1677593646
4, 0, 1557562479
4, 0, 2202109156
4, 0, 1969662086
4, 0, 1833566597
4, 0, 2239703480
0, 4, 2176838725
4, 0, 2066218802
4, 0, 2002545320
4, 0, 2055322852
4, 0, 2213807569
4, 0, 2231498605
4, 0, 1753431870
4, 0, 1760174764
4, 0, 2060672420
0, 4, 2057958274
0, 4, 1548700297
4, 0, 1969464607
4, 0, 1969921331
4, 0, 2053543748
4, 0, 1760038814
0, 4, 1564089971
4, 0, 2231672048
0, 4, 1994316027
4, 0, 1558972513
4, 0, 2206900215
4, 0, 1883534581
4, 0, 2006624731
4, 0, 2197391957
0, 4, 1792073269
0, 4, 2001076939
0, 4, 1990447518
4, 0, 1966610485
4, 0, 2299362120
0, 4, 2182405376
4, 0, 2243881261
4, 0, 1978073017
4, 0, 2070183042
4, 0, 2253866697
0, 4, 1979698808
4, 0, 1882508553
4, 0, 2198406395
4, 0, 2326818280
4, 0, 2207357811
4, 0, 1976793617
4, 0, 1548585269
4, 0, 2299389736
4, 0, 1957497862
4, 0, 2232117234
4, 0, 2064208100
4, 0, 2066749704
4, 0, 2064589976
4, 0, 1834825136
4, 0, 1981343052
4, 0, 2226215344
0, 4, 2176277100
4, 0, 1983127514
4, 0, 1979179711
4, 0, 2257148515
0, 4, 2063822521
4, 0, 2259414426
4, 0, 2061891319
4, 0, 1980493294
0, 4, 1833896855
4, 0, 2266917606
4, 0, 2252940766
4, 0, 2176430450
4, 0, 2058777653
4, 0, 2192834809
0, 4, 2062893215
0, 4, 2071847294
4, 0, 2006290912
0, 4, 1997659079
4, 0, 1985041984
4, 0, 2060423355
4, 0, 2051440293
4, 0, 2192301300
0, 4, 1995446739
4, 0, 2282997781
4, 0, 2236836987
4, 0, 2259432737
4, 0, 1880538473
4, 0, 1932993159
4, 0, 2202819134
4, 0, 2243049546
0, 4, 1957230081
4, 0, 2197414287
4, 0, 1685824606
4, 0, 2257711906
0, 4, 1754524035
4, 0, 1558159221
4, 0, 1998489991
4, 0, 2222282541
0, 4, 2052866830
4, 0, 1835988870
4, 0, 2251705745
4, 0, 1794324017
4, 0, 1979678900
4, 0, 1990470853
4, 0, 2202694750
4, 0, 2057298217
4, 0, 2013410894
0, 4, 2048244095
4, 0, 2232733555
4, 0, 2248759015
4, 0, 1752443716
0, 4, 1956926206
4, 0, 1994215898
4, 0, 2255367109
4, 0, 2254841100
4, 0, 2193249124
4, 0, 2046977967
4, 0, 1988820860
4, 0, 1824384763
4, 0, 1985693275
4, 0, 1880102032
4, 0, 2239278142
4, 0, 2233606163
0, 4, 2014295733
0, 4, 1770746727
4, 0, 2197687359
0, 4, 2008625149
4, 0, 2266396988
4, 0, 2259935463
0, 4, 1995128672
4, 0, 2018322681
4, 0, 2190832397
4, 0, 1832864379
4, 0, 1964503968
0, 4, 2176837703
4, 0, 2297314622
0, 4, 1880934027
4, 0, 1834956316
4, 0, 2179395568
4, 0, 2245909947
0, 4, 1979350277
4, 0, 2070507277
4, 0, 2253037281
4, 0, 2218737777
4, 0, 2185353107
4, 0, 2204887835
4, 0, 1677370967
4, 0, 1965996982
4, 0, 1979863245
0, 4, 2003317043
4, 0, 2018771529
4, 0, 2199669127
4, 0, 2000798933
4, 0, 2260953246
4, 0, 2063860316
4, 0, 2066902158
0, 4, 1468268968
4, 0, 2002027149
4, 0, 1564950540
4, 0, 1976424099
4, 0, 2326559682
4, 0, 2217793754
4, 0, 2264958519
4, 0, 2203715835
4, 0, 2190398568
4, 0, 2327529437
4, 0, 1759689569
4, 0, 1975655102
4, 0, 1880393751
4, 0, 1989315822
4, 0, 2288194480
4, 0, 2247445403
4, 0, 1881551900
4, 0, 1678334441
4, 0, 2259825671
4, 0, 2066027901
4, 0, 2259896633
4, 0, 1992975233
4, 0, 2188228673
4, 0, 2254118876
4, 0, 1997780352
0, 4, 2060923067
4, 0, 2299667383
0, 4, 1825559196
4, 0, 1687360159
4, 0, 2063449388
4, 0, 1835195145
4, 0, 2057967336
4, 0, 1972433376
4, 0, 1979308882
4, 0, 2050190729
4, 0, 2219388920
4, 0, 2328238854
0, 4, 2191149566
4, 0, 2058851820
0, 4, 1978989850
4, 0, 2283027212
4, 0, 2191279856
4, 0, 2070839409
0, 4, 1963199940
4, 0, 2247566061
4, 0, 2214940428
4, 0, 1833427975
4, 0, 1986106791
4, 0, 2244952790
4, 0, 2001376440
0, 4, 2062290214
4, 0, 2265422710
4, 0, 1981443860
0, 4, 1985840139
0, 4, 1972666999
0, 4, 1994185604
0, 4, 2059794844
0, 4, 2188448988
4, 0, 2217511470
4, 0, 2250675995
4, 0, 2228024940
0, 4, 2055772843
4, 0, 2057534148
4, 0, 2230091004
4, 0, 2328244856
0, 4, 1694882523
0, 4, 2176444679
4, 0, 2251031297
4, 0, 2015627378
4, 0, 2249909156
0, 4, 1685573214
4, 0, 2211434604
0, 4, 1960389892
0, 4, 1961721192
4, 0, 2234218569
4, 0, 2051676427
4, 0, 2229199871
0, 4, 2192769504
4, 0, 2249705150
4, 0, 1573400995
4, 0, 2069579364
4, 0, 2253820355
4, 0, 1468636811
4, 0, 2203664869
4, 0, 1984825519
0, 4, 2071945748
4, 0, 2258357875
4, 0, 1997009055
0, 4, 1968080524
4, 0, 2323712175
4, 0, 1999723707
4, 0, 2012627762
4, 0, 2063829092
4, 0, 2301201253
4, 0, 1978312765
4, 0, 2001240698
4, 0, 1955865840
4, 0, 2175393493
4, 0, 2195930480
4, 0, 2176040079
4, 0, 1834605969
4, 0, 1992871959
0, 4, 1687433996
4, 0, 2250701325
0, 4, 2186502454
4, 0, 2181300481
4, 0, 1686274417
4, 0, 2286021485
0, 4, 1795363528
4, 0, 2060637968
4, 0, 2222087213
4, 0, 2260599722
4, 0, 1997057140
4, 0, 1686700182
4, 0, 1997501891
4, 0, 2011239116
4, 0, 1754696920
0, 4, 2060528023
4, 0, 2204651888
4, 0, 2288110076
4, 0, 2247904905
4, 0, 2181320972
0, 4, 2057710367
4, 0, 2325726278
4, 0, 1564219855
4, 0, 1791791919
4, 0, 2054092240
4, 0, 1573111169
4, 0, 2000533888
4, 0, 1992863424
4, 0, 2257823764
4, 0, 2050349579
4, 0, 1752524436
4, 0, 2242643842
4, 0, 1553425053
4, 0, 2059745027
4, 0, 1980230686
4, 0, 2053710078
4, 0, 2203220940
4, 0, 2210282712
0, 4, 1976091889
4, 0, 2069205552
4, 0, 2055220476
4, 0, 1989758245
4, 0, 2054771273
4, 0, 1794463713
0, 4, 1833687514
4, 0, 2223244384
4, 0, 1681053767
4, 0, 1559355663
0, 4, 1687040925
4, 0, 2063169338
4, 0, 1752767220
4, 0, 2224977656
4, 0, 2235329193
0, 4, 2067219174
4, 0, 1553392422
0, 4, 1880626096
4, 0, 2050955778
4, 0, 2055025533
4, 0, 2006530571
0, 4, 2007163626
4, 0, 2248780597
4, 0, 2205857831
4, 0, 2047210993
0, 4, 1932276847
0, 4, 1676891637
4, 0, 1976366758
4, 0, 2213257329
0, 4, 1881011504
4, 0, 1961044058
4, 0, 1881552874
4, 0, 2324101469
4, 0, 1998208771
4, 0, 2200210428
4, 0, 1755056044
4, 0, 2194155386
4, 0, 2263588643
0, 4, 1677504257
4, 0, 1883253969
0, 4, 1880956893
4, 0, 2182783425
4, 0, 1564562745
4, 0, 2045122943
4, 0, 2063310113
4, 0, 2065906711
4, 0, 2288065543
4, 0, 1975619383
4, 0, 1986587619
4, 0, 1975547988
4, 0, 1823808919
0, 4, 1996671227
4, 0, 2266115113
4, 0, 2204432748
0, 4, 1833587520
4, 0, 2202326485
4, 0, 2327318381
4, 0, 1989954565
4, 0, 2048339793
4, 0, 1961738862
4, 0, 2003042083
0, 4, 1556116674
0, 4, 1827487171
0, 4, 2004305396
4, 0, 1573580743
4, 0, 1558852444
4, 0, 1751202385
4, 0, 1984879707
0, 4, 1826561413
4, 0, 1823653601
0, 4, 2063556280
4, 0, 1753954930
0, 4, 2187730183
0, 4, 2070932060
4, 0, 2194963974
4, 0, 2013098182
0, 4, 1557980464
4, 0, 2197661282
4, 0, 2179243115
4, 0, 1990788016
4, 0, 2261013435
4, 0, 2298765694
4, 0, 2326285852
4, 0, 2039940952
0, 4, 2000788784
4, 0, 2288762577
4, 0, 2212546713
0, 4, 1964939778
0, 4, 1553145907
4, 0, 2053178089
0, 4, 1981969904
4, 0, 1980980441
0, 4, 1469504712
4, 0, 2065175912
4, 0, 2258584674
4, 0, 2186326400
0, 4, 2180929338
4, 0, 2014779008
4, 0, 2065007299
4, 0, 2301290325
4, 0, 2259576394
4, 0, 1957119110
4, 0, 1996455434
4, 0, 1687146799
4, 0, 2251190492
4, 0, 2175714348
4, 0, 1551543760
0, 4, 1564733573
0, 4, 2052826175
0, 4, 2012312804
0, 4, 2187794912
4, 0, 1932858264
4, 0, 1685719502
4, 0, 2064182414
4, 0, 1573998051
4, 0, 1760272761
4, 0, 1835350097
4, 0, 1963373265
4, 0, 1835058460
0, 4, 2058074207
4, 0, 2013653469
4, 0, 1693425498
4, 0, 1989731404
0, 4, 2054934009
0, 4, 2067315849
4, 0, 2264974161
4, 0, 2001187076
4, 0, 2300276003
4, 0, 1880592410
4, 0, 1968098065
4, 0, 1551767069
4, 0, 1692600037
4, 0, 1978181557
4, 0, 2197706460
4, 0, 2323411322
4, 0, 2039652474
4, 0, 2061188142
4, 0, 1695343145
4, 0, 1754110562
4, 0, 2264520267
4, 0, 1965071295
4, 0, 1970175651
4, 0, 2324540787
4, 0, 2218936102
4, 0, 1556967881
4, 0, 2300526291
4, 0, 2179390818
4, 0, 2000835553
4, 0, 2057056186
4, 0, 2324794742
0, 4, 2185421872
4, 0, 2219538699
4, 0, 2051420376
4, 0, 1678029285
0, 4, 2190948341
4, 0, 2232856406
4, 0, 1676029440
4, 0, 2325278461
4, 0, 1770614889
0, 4, 1687042965
0, 4, 1755842151
4, 0, 1680162023
4, 0, 1559940226
4, 0, 1969158469
4, 0, 2197312584
4, 0, 2065676615
4, 0, 1573664189
4, 0, 2323428386
0, 4, 1753518278
4, 0, 1694455707
0, 4, 1687216453
4, 0, 1963785799
4, 0, 1971921919
4, 0, 2231069633
4, 0, 1826487287
4, 0, 1960155191
4, 0, 2322074674
0, 4, 2182050951
4, 0, 1822642843
0, 4, 1997678271
4, 0, 2048381138
4, 0, 2252217538
0, 4, 2068890921
0, 4, 1827098699
0, 4, 2056626293
4, 0, 2001500156
0, 4, 1970802419
4, 0, 2066560930
0, 4, 1881542792
4, 0, 2052831268
4, 0, 1963383772
4, 0, 2205413409
4, 0, 1824817368
4, 0, 1997939625
4, 0, 1963986884
4, 0, 2178718214
4, 0, 2176808174
4, 0, 1997369236
4, 0, 1681104872
0, 4, 1833556451
0, 4, 2191530673
4, 0, 1997212357
4, 0, 2003184625
4, 0, 2228856430
4, 0, 1880782217
4, 0, 2260513396
4, 0, 1995928037
4, 0, 1834074832
4, 0, 2055728777
0, 4, 2063100589
4, 0, 1978704138
4, 0, 2203920045
4, 0, 2183834443
4, 0, 2284827298
4, 0, 2067917166
4, 0, 1978114890
4, 0, 2224159788
4, 0, 1825172335
4, 0, 2200295988
0, 4, 2013974188
4, 0, 2207290554
4, 0, 2260417298
4, 0, 1565720688
4, 0, 2053079161
4, 0, 2204503398
0, 4, 1972330944
4, 0, 1968874171
4, 0, 2250025486
4, 0, 2222177875
0, 4, 2069567914
4, 0, 1986581930
0, 4, 2071222739
4, 0, 1975136953
0, 4, 1998065234
0, 4, 1986329088
4, 0, 2064575078
4, 0, 2058356594
0, 4, 1975041909
4, 0, 1881150585
4, 0, 2241540513
4, 0, 1963648265
4, 0, 2001736107
4, 0, 2072038730
4, 0, 2175431858
4, 0, 1556595537
0, 4, 1966945807
0, 4, 1977997080
4, 0, 1985866989
4, 0, 2063149440
4, 0, 1881621428
4, 0, 1565391872
4, 0, 2213782005
4, 0, 1962580479
4, 0, 2199572160
4, 0, 1973730219
0, 4, 2063572918
4, 0, 2004286411
4, 0, 2003493750
0, 4, 2068118038
0, 4, 1991385377
4, 0, 2296997363
4, 0, 1997261281
4, 0, 2052027173
4, 0, 2217030191
4, 0, 2236674753
4, 0, 2247325311
0, 4, 2064359618
4, 0, 2066780932
4, 0, 1468445683
0, 4, 2047902007
0, 4, 1969440099
4, 0, 1981161655
4, 0, 2174852023
4, 0, 1824154824
4, 0, 2012798441
4, 0, 1694873919
4, 0, 1972913509
0, 4, 1970716781
4, 0, 1969485150
4, 0, 2060667381
0, 4, 1965638677
0, 4, 2177096895
4, 0, 1958082388
4, 0, 1823864786
0, 4, 1956243781
0, 4, 1989631122
4, 0, 2031171128
4, 0, 2044390538
4, 0, 2014436113
4, 0, 2239124719
4, 0, 1557001807
4, 0, 2062834626
4, 0, 2051391120
4, 0, 1981127497
4, 0, 2250330324
4, 0, 1965949112
0, 4, 1881580411
4, 0, 1824524647
4, 0, 2014730504
4, 0, 2196635699
4, 0, 2321791911
4, 0, 2295556871
4, 0, 2263141943
0, 4, 1834330849
4, 0, 2012926711
4, 0, 1468416968
4, 0, 1981917070
4, 0, 1557855065
4, 0, 1825436712
4, 0, 2190213770
4, 0, 2286896799
4, 0, 2048760927
4, 0, 2238109035
4, 0, 2194230561
0, 4, 1556531101
4, 0, 2067503040
4, 0, 1556441612
4, 0, 2212533832
0, 4, 2179799222
0, 4, 1679313539
0, 4, 2056428001
4, 0, 2326560021
4, 0, 1882293504
4, 0, 1968902615
0, 4, 2047296850
4, 0, 1986809950
4, 0, 2175519185
4, 0, 2254160836
0, 4, 1823921088
4, 0, 1966734163
4, 0, 2186644598
4, 0, 2259216968
0, 4, 1793958511
0, 4, 1883620309
4, 0, 1834617869
4, 0, 2322753794
4, 0, 2209719991
4, 0, 1691334309
4, 0, 2237125463
4, 0, 1832859610
4, 0, 1823867517
4, 0, 1964753095
4, 0, 2175595552
4, 0, 2016932251
4, 0, 2234617941
4, 0, 1882492138
4, 0, 2049771496
4, 0, 2252789474
4, 0, 1960325556
4, 0, 1686849243
4, 0, 2231346099
4, 0, 2014897516
4, 0, 2215027218
0, 4, 2018011913
4, 0, 2258635834
4, 0, 1694392093
4, 0, 1565067341
4, 0, 1983581062
4, 0, 2251221916
4, 0, 2185058173
4, 0, 1985809820
4, 0, 1980193440
4, 0, 2251215919
4, 0, 2214359297
4, 0, 2016320660
4, 0, 2186588838
0, 4, 1468600795
4, 0, 1693935567
4, 0, 2048427770
4, 0, 2046119996
4, 0, 2050405738
4, 0, 1694284101
4, 0, 1752697690
4, 0, 2054970738
4, 0, 1881511232
4, 0, 1755121695
4, 0, 2295786060
4, 0, 2254412170
0, 4, 1827673963
4, 0, 2325229821
4, 0, 1960451048
4, 0, 2251132532
4, 0, 2195704972
4, 0, 1557389763
4, 0, 1751316627
4, 0, 1554077213
4, 0, 2176625036
4, 0, 1977228265
4, 0, 1970663144
4, 0, 2051332110
4, 0, 2030969930
4, 0, 2048818818
4, 0, 2231208954
4, 0, 1989029764
4, 0, 2017156613
0, 4, 1685871179
4, 0, 1694434489
4, 0, 1564039466
4, 0, 2064124571
4, 0, 1970422602
4, 0, 1753601336
4, 0, 2200853991
4, 0, 2199152991
0, 4, 1969856914
4, 0, 2174971961
4, 0, 1678091393
4, 0, 2195108050
4, 0, 1834222944
4, 0, 2261371192
4, 0, 2194048360
4, 0, 2214920506
4, 0, 2050432514
4, 0, 1972065825
4, 0, 2236454826
4, 0, 2259727302
4, 0, 2056402180
0, 4, 2039972565
0, 4, 2008077739
0, 4, 1979566665
4, 0, 1986920737
4, 0, 1834440705
4, 0, 1564299946
4, 0, 1882350045
4, 0, 2266319495
4, 0, 2242652930
4, 0, 1967303916
4, 0, 2222319183
4, 0, 1967792190
4, 0, 2000367444
4, 0, 2208550278
4, 0, 1686460358
4, 0, 2003082359
4, 0, 1995548586
4, 0, 1824968536
4, 0, 2247655656
4, 0, 2177110313
0, 4, 1564585458
4, 0, 1685049715
4, 0, 1980547554
4, 0, 2196930269
0, 4, 2176603163
0, 4, 2064782722
4, 0, 2013767128
4, 0, 2188664362
4, 0, 1981749857
4, 0, 1991039481
4, 0, 1676947102
4, 0, 2261157173
0, 4, 1883560665
0, 4, 2014917009
4, 0, 2230825084
4, 0, 1974833794
4, 0, 2221058714
4, 0, 2059895457
4, 0, 2302584766
4, 0, 2014901886
4, 0, 1551483821
4, 0, 2067701544
4, 0, 2063493059
4, 0, 2046123516
4, 0, 1977364324
4, 0, 2295435795
4, 0, 2055934789
0, 4, 1558424919
4, 0, 1999506445
4, 0, 1979446111
4, 0, 2325007354
4, 0, 2014185301
4, 0, 2236125408
4, 0, 2197230964
0, 4, 2189694955
4, 0, 1977188181
4, 0, 2226815777
4, 0, 2251131530
4, 0, 2220843642
0, 4, 1548812521
0, 4, 1880609719
4, 0, 1794007898
0, 4, 2002411368
4, 0, 2221264266
0, 4, 2056790509
4, 0, 1933168908
4, 0, 2195967147
0, 4, 1880841222
0, 4, 1880016348
0, 4, 1468884106
4, 0, 1981051220
4, 0, 2056878541
4, 0, 2015588045
4, 0, 1995651064
4, 0, 1984121255
4, 0, 2248489157
0, 4, 2053995430
4, 0, 1752412748
0, 4, 1754473317
4, 0, 2325324216
4, 0, 2245829482
4, 0, 2262128269
0, 4, 2186672789
0, 4, 2061046866
4, 0, 2064470782
4, 0, 2236467788
4, 0, 2249756323
4, 0, 1823416419
4, 0, 1962697179
4, 0, 1678103902
0, 4, 2053022842
0, 4, 2175222775
4, 0, 2202062730
4, 0, 2005145926
4, 0, 1976830613
0, 4, 1880039125
0, 4, 1978854801
4, 0, 2231946403
4, 0, 1564539621
4, 0, 1985421523
4, 0, 1469894537
4, 0, 2018590004
4, 0, 2177061905
4, 0, 1565834355
4, 0, 1883469454
4, 0, 1981288013
4, 0, 2062000752
0, 4, 2189469200
4, 0, 2047560633
4, 0, 2064916315
4, 0, 1823416969
4, 0, 2201886954
0, 4, 1957629260
4, 0, 1753482956
4, 0, 1973888853
0, 4, 1693934208
4, 0, 2205852360
4, 0, 2298670709
4, 0, 1685870875
0, 4, 1932774181
0, 4, 1563448050
4, 0, 1685959265
4, 0, 1976864251
4, 0, 1976969897
4, 0, 1998163432
0, 4, 1990770225
4, 0, 1823040086
0, 4, 1827447858
4, 0, 1694748153
0, 4, 2002002173
4, 0, 1973262315
4, 0, 2261284699
4, 0, 2072286857
0, 4, 1972098073
4, 0, 1753494100
4, 0, 2286552642
4, 0, 2053703659
0, 4, 1690908307
0, 4, 1992108840
4, 0, 1972909222
4, 0, 2254406050
4, 0, 1557875670
4, 0, 2186294018
4, 0, 1693809577
4, 0, 2202711766
4, 0, 1982255994
4, 0, 1968670967
0, 4, 1557245708
4, 0, 2252193426
4, 0, 2063339986
0, 4, 1880633583
4, 0, 2003806219
4, 0, 2054188056
4, 0, 2302270025
0, 4, 1972421794
4, 0, 1694523753
4, 0, 2221748962
4, 0, 2052943787
0, 4, 2057115914
0, 4, 1834428893
4, 0, 2302196681
4, 0, 2178927671
0, 4, 2055290884
4, 0, 1835449837
4, 0, 2227893229
4, 0, 1985995941
4, 0, 2174648427
4, 0, 2205171816
0, 4, 1755543946
4, 0, 1686746382
4, 0, 2207567917
4, 0, 1553585633
4, 0, 1974666481
4, 0, 1970284731
4, 0, 1972052176
4, 0, 2070612620
4, 0, 1981466112
4, 0, 2206285129
4, 0, 2002899788
4, 0, 2201820383
4, 0, 1983895367
0, 4, 1978516086
4, 0, 1966520559
4, 0, 2252435182
4, 0, 1564704134
4, 0, 1687215166
4, 0, 1966603957
0, 4, 1558214781
4, 0, 2223078904
4, 0, 2241577731
4, 0, 2249739083
4, 0, 1468965277
0, 4, 1977260769
4, 0, 2295651861
4, 0, 2328180996
4, 0, 2174465826
4, 0, 2244446956
4, 0, 2213037521
4, 0, 2054201764
4, 0, 2299300703
4, 0, 1967451996
4, 0, 2067330997
4, 0, 2203996791
4, 0, 1993636202
4, 0, 2213999563
4, 0, 2061881646
0, 4, 2175636180
4, 0, 2066004009
0, 4, 1979270624
4, 0, 1573172670
0, 4, 1978900069
4, 0, 2053918152
4, 0, 2175060446
4, 0, 2231822283
0, 4, 2190468469
4, 0, 2064171393
4, 0, 1995038222
4, 0, 2251499298
0, 4, 1795555552
0, 4, 1975957140
0, 4, 2175419894
4, 0, 2179791606
4, 0, 1979910058
4, 0, 1968819876
4, 0, 1964854224
4, 0, 1694184709
4, 0, 2264824937
4, 0, 1990991919
0, 4, 2061413549
4, 0, 2299466942
0, 4, 2011312876
4, 0, 1976215769
4, 0, 1977052772
0, 4, 1996045212
4, 0, 1991823709
4, 0, 2050846354
4, 0, 2296490954
4, 0, 2014218959
4, 0, 2179947074
4, 0, 1824844413
0, 4, 2060596900
4, 0, 2061539967
4, 0, 1675923178
0, 4, 1794325746
4, 0, 1956311580
4, 0, 1997538145
4, 0, 2239636624
4, 0, 1686335394
4, 0, 2221599649
4, 0, 1932703466
0, 4, 2055832274
4, 0, 2056699405
0, 4, 2054472078
4, 0, 2054655011
0, 4, 1880477820
4, 0, 1827568025
0, 4, 1980618570
4, 0, 2216862524
4, 0, 2048679195
4, 0, 1972040388
0, 4, 1823739979
4, 0, 2192357628
4, 0, 1880758570
4, 0, 2062527327
4, 0, 1990982390
4, 0, 2258747170
4, 0, 2218774495
4, 0, 1555948184
0, 4, 1969440440
4, 0, 2069691691
4, 0, 2180540244
4, 0, 2235559713
4, 0, 1557849816
4, 0, 2191189250
0, 4, 2065200014
4, 0, 1555957214
4, 0, 2200667515
0, 4, 1985578104
4, 0, 1970889829
0, 4, 1559006753
4, 0, 1969029223
4, 0, 2245759936
4, 0, 2180735997
4, 0, 2197048831
0, 4, 1978747539
0, 4, 2059998972
4, 0, 1880429207
4, 0, 1573342600
4, 0, 1968701392
0, 4, 1573274546
4, 0, 2237042971
4, 0, 2056729023
4, 0, 1990315085
4, 0, 2236540154
0, 4, 1984072241
4, 0, 2200529653
0, 4, 1679350283
4, 0, 1966112406
4, 0, 1550762111
0, 4, 1981887156
4, 0, 2067911014
4, 0, 1960576036
4, 0, 2249119248
4, 0, 2285380899
4, 0, 2051876518
0, 4, 2191235729
0, 4, 1835117083
0, 4, 1970674292
4, 0, 1973564919
0, 4, 1686183338
0, 4, 1989686683
4, 0, 1966858097
4, 0, 2015819731
4, 0, 2217626743
4, 0, 2328351067
4, 0, 1882326318
4, 0, 2005837024
0, 4, 1881098407
4, 0, 1971955325
4, 0, 1692749877
4, 0, 2236592090
0, 4, 2169480658
4, 0, 1881833479
4, 0, 2250682996
4, 0, 2256725098
4, 0, 2259457916
4, 0, 2050987503
4, 0, 2226456525
4, 0, 2321757435
4, 0, 2062155863
4, 0, 1880553156
0, 4, 1825240263
4, 0, 1963462813
4, 0, 1993620412
4, 0, 2053969766
0, 4, 2071159201
4, 0, 2017826834
4, 0, 1555693252
4, 0, 1990985032
4, 0, 2063627990
4, 0, 2212860208
4, 0, 2195265794
4, 0, 1994406384
4, 0, 2322388642
4, 0, 2012820058
4, 0, 2228374132
4, 0, 1995234715
4, 0, 1825343954
0, 4, 2056823033
4, 0, 2187749141
0, 4, 2052661577
4, 0, 2047027958
4, 0, 2241114428
4, 0, 1679135555
4, 0, 1678869168
0, 4, 1880598499
4, 0, 2189583714
4, 0, 2175201179
4, 0, 1997655687
4, 0, 2013131023
4, 0, 1793773245
4, 0, 2297939469
4, 0, 2045841787
4, 0, 1974430798
4, 0, 2014175658
0, 4, 2014629488
4, 0, 2050682617
0, 4, 2047672703
0, 4, 2067645862
4, 0, 1932755810
4, 0, 2251684751
4, 0, 1751138541
4, 0, 2252097634
4, 0, 2001650941
4, 0, 2257719438
0, 4, 2186626303
4, 0, 2065286166
4, 0, 2215299856
4, 0, 1992386676
4, 0, 1688972966
4, 0, 2206911293
4, 0, 2262872873
4, 0, 2235640856
4, 0, 2250559581
4, 0, 2001147127
4, 0, 1548853933
4, 0, 1997522018
0, 4, 2053296799
4, 0, 2193111215
4, 0, 2003023406
4, 0, 1795600008
4, 0, 2204590200
4, 0, 2238758172
4, 0, 2243003593
4, 0, 1974013476
4, 0, 1992083655
4, 0, 1553365164
4, 0, 2000410619
0, 4, 2067741466
4, 0, 2203861940
4, 0, 2324962569
4, 0, 1974832808
4, 0, 2264837531
4, 0, 2001564336
4, 0, 1998199292
0, 4, 1556014589
4, 0, 2228834851
0, 4, 2174766697
4, 0, 1793483757
4, 0, 1564329508
4, 0, 1958067040
0, 4, 2012969871
4, 0, 1992111499
4, 0, 1753514466
4, 0, 2217532775
0, 4, 1771003528
4, 0, 2326411622
0, 4, 2191809753
4, 0, 2203981971
4, 0, 1994630487
0, 4, 1832659418
4, 0, 2044614329
4, 0, 1792693919
0, 4, 2189745897
4, 0, 1964640319
0, 4, 1751068708
4, 0, 2247399015
4, 0, 1991016966
4, 0, 2197190677
0, 4, 1982310761
4, 0, 2225196932
4, 0, 2232565262
4, 0, 1551520870
4, 0, 1691269955
4, 0, 1793768224
4, 0, 2054102726
4, 0, 2263923817
4, 0, 1752884273
4, 0, 2252562808
4, 0, 2324017573
4, 0, 1979858711
4, 0, 1999048438
4, 0, 2239115208
4, 0, 2053718406
0, 4, 2062063874
4, 0, 2265526840
4, 0, 1468291794
4, 0, 2324020620
4, 0, 2235294745
4, 0, 1996479227
0, 4, 2064712152
4, 0, 1752011516
0, 4, 2188033405
4, 0, 2262105002
4, 0, 1963232683
4, 0, 2244178859
4, 0, 1975210452
4, 0, 2069410158
4, 0, 1880858882
0, 4, 1988864101
4, 0, 2210029365
4, 0, 1971680639
4, 0, 1985589594
4, 0, 2322898128
4, 0, 2321982675
4, 0, 2205000299
4, 0, 2286770297
4, 0, 1468532172
4, 0, 2246361770
4, 0, 2248747955
0, 4, 1558213373
4, 0, 2044127271
4, 0, 2193805871
4, 0, 1981545563
0, 4, 2049597630
4, 0, 2071634979
0, 4, 2058045970
4, 0, 1990189705
4, 0, 2245739439
4, 0, 2057741974
4, 0, 1573628731
4, 0, 2299762394
4, 0, 2225089681
4, 0, 2018598033
4, 0, 1975655145
4, 0, 2014075414
0, 4, 1882561109
0, 4, 1969472555
4, 0, 2200286744
4, 0, 2224323153
4, 0, 1573779492
4, 0, 2322212999
4, 0, 2249108456
4, 0, 2000609838
4, 0, 2203942816
0, 4, 1880618059
4, 0, 2177257206
4, 0, 2286926084
4, 0, 1823073048
4, 0, 2191537233
4, 0, 2237414613
4, 0, 2249928224
4, 0, 2018147422
4, 0, 2002949566
4, 0, 2072225315
0, 4, 1686335262
4, 0, 2191388426
4, 0, 1693931644
4, 0, 2174456815
4, 0, 2202078561
4, 0, 1834182093
4, 0, 1824280719
4, 0, 1759807175
4, 0, 2054964705
4, 0, 2185588966
4, 0, 2203073820
4, 0, 2205015522
0, 4, 1791938654
4, 0, 2206744930
0, 4, 1972330308
4, 0, 2263487246
0, 4, 1984668456
4, 0, 2001818984
4, 0, 2253881016
0, 4, 1553491388
4, 0, 2328474171
4, 0, 2193827551
4, 0, 2228676322
4, 0, 2203438167
4, 0, 1966678217
4, 0, 2052018619
4, 0, 1835932768
4, 0, 1978439079
4, 0, 2237126863
4, 0, 2322428712
4, 0, 1551298222
4, 0, 2067425872
4, 0, 2205146788
4, 0, 1997093601
4, 0, 2327295672
4, 0, 2257757385
4, 0, 2328963240
4, 0, 2233044818
0, 4, 1834952043
4, 0, 1753826565
4, 0, 2218990271
4, 0, 1552056553
4, 0, 2063491851
0, 4, 2178369388
0, 4, 2052948988
0, 4, 1563558073
4, 0, 1827587440
0, 4, 1880572752
4, 0, 2221333503
0, 4, 2063050600
0, 4, 1995381846
4, 0, 1686479870
4, 0, 1752401969
0, 4, 2191030535
4, 0, 2002172526
4, 0, 2232764712
4, 0, 2263792095
4, 0, 1967633158
4, 0, 1979774561
4, 0, 1880394133
4, 0, 1558618514
4, 0, 2231568988
0, 4, 1979615996
0, 4, 2191630764
4, 0, 2063685559
4, 0, 2207839486
4, 0, 2051711369
4, 0, 2179739394
4, 0, 1969312102
0, 4, 2039910869
4, 0, 2190686056
4, 0, 1685413117
4, 0, 2194282806
4, 0, 1574106077
4, 0, 1972399911
0, 4, 1824804465
4, 0, 2230586971
4, 0, 2057998219
4, 0, 1751741474
4, 0, 1548825209
0, 4, 1565330750
4, 0, 1983427578
4, 0, 2053080599
0, 4, 1985986062
4, 0, 1989694286
4, 0, 1564779868
4, 0, 2203471354
0, 4, 1996692657
4, 0, 2016698529
4, 0, 2208749081
4, 0, 1990872440
4, 0, 2221249487
0, 4, 1573193747
4, 0, 1989363987
4, 0, 2069639922
4, 0, 2236523671
4, 0, 1836454904
4, 0, 2062305248
4, 0, 1990708030
4, 0, 2224854418
4, 0, 1795954130
4, 0, 2244234192
4, 0, 1999511662
4, 0, 2227132123
4, 0, 2187202540
4, 0, 1980929598
0, 4, 1880756424
4, 0, 2006458501
0, 4, 2002498280
4, 0, 2301379387
4, 0, 1997120451
0, 4, 1836458953
4, 0, 2008164763
4, 0, 1679904489
4, 0, 2215222137
0, 4, 1676253209
4, 0, 1573685091
4, 0, 1971091534
4, 0, 1691339437
4, 0, 2070982324
0, 4, 1834516261
4, 0, 2206087041
4, 0, 1972063802
0, 4, 2047675036
4, 0, 1557781049
4, 0, 2252066774
4, 0, 2001028993
4, 0, 2255261092
4, 0, 2053752780
4, 0, 1965851634
4, 0, 1694255416
0, 4, 1991018024
4, 0, 2188826690
4, 0, 2324635889
0, 4, 1573310055
4, 0, 2263222826
4, 0, 2187270017
4, 0, 1977313512
4, 0, 2301210133
4, 0, 2069579221
4, 0, 2327004272
4, 0, 2233645391
4, 0, 1991827117
4, 0, 1978773832
0, 4, 1994997177
0, 4, 1979138878
4, 0, 2185893285
4, 0, 1956702799
0, 4, 1962158314
4, 0, 1968617405
4, 0, 1833954924
0, 4, 1979049079
4, 0, 2187561179
4, 0, 2324712275
4, 0, 2259997659
0, 4, 2044735634
4, 0, 2324467224
4, 0, 1883344152
0, 4, 1995043358
4, 0, 2198866663
0, 4, 2071520020
4, 0, 2217011760
4, 0, 1995997406
4, 0, 2058819610
4, 0, 2005119960
4, 0, 2261666143
4, 0, 2248657929
4, 0, 2231523170
4, 0, 1984505941
4, 0, 2039675690
4, 0, 2056431988
4, 0, 2068848704
4, 0, 1980734073
4, 0, 2226412430
0, 4, 1573649805
4, 0, 2237121585
4, 0, 2207978779
4, 0, 2175054878
4, 0, 2001255479
0, 4, 2014731765
4, 0, 2189779969
0, 4, 2189319949
0, 4, 1977478446
0, 4, 2069637857
0, 4, 1824898282
4, 0, 2219281576
4, 0, 1823834710
4, 0, 2285347625
0, 4, 1793505352
4, 0, 2247030639
4, 0, 2063292817
0, 4, 2067962862
4, 0, 1978823212
4, 0, 2301532605
4, 0, 2176171859
4, 0, 2306021366
4, 0, 2065130166
4, 0, 2232853217
0, 4, 2187367648
4, 0, 2217417659
4, 0, 2238131516
0, 4, 1997812961
4, 0, 2263099021
4, 0, 2175554505
4, 0, 2186649998
4, 0, 2181120919
4, 0, 2071881540
4, 0, 1883464612
4, 0, 1881204933
4, 0, 1827121512
4, 0, 1962372821
4, 0, 2227046382
4, 0, 2049416956
4, 0, 1966904988
4, 0, 2322190065
4, 0, 2195537433
4, 0, 1989201381
4, 0, 2176949122
4, 0, 1694544967
4, 0, 2259064577
4, 0, 2178082074
4, 0, 2199729224
4, 0, 1956132186
4, 0, 1834036101
4, 0, 2018947471
0, 4, 1573874346
4, 0, 2202950124
0, 4, 2178788980
0, 4, 1992271679
0, 4, 1982769422
0, 4, 2192562001
4, 0, 2197968184
4, 0, 2230523120
4, 0, 1685917672
4, 0, 2246116065
4, 0, 2014648612
4, 0, 2049273943
4, 0, 2217362024
0, 4, 1678575262
4, 0, 2323492421
0, 4, 1564669329
4, 0, 2176535059
4, 0, 2014006012
4, 0, 2063000797
4, 0, 1972241780
4, 0, 1957385273
0, 4, 1686801295
4, 0, 2197012747
4, 0, 1677422816
4, 0, 2231184406
0, 4, 1825218926
4, 0, 2213035047
4, 0, 2299021382
4, 0, 2188582926
4, 0, 2262400586
0, 4, 1984090316
4, 0, 2054005955
4, 0, 2054150630
0, 4, 1827820002
4, 0, 2228670370
4, 0, 2017826028
0, 4, 2053370650
4, 0, 2013592976
4, 0, 2253152426
4, 0, 1978665263
4, 0, 2189704535
4, 0, 2189697224
4, 0, 2055307907
4, 0, 2192375484
4, 0, 2051249579
4, 0, 1827752096
4, 0, 1791921376
4, 0, 2324399469
4, 0, 1976905309
4, 0, 2060905738
4, 0, 2031912467
4, 0, 1881537775
4, 0, 2263134142
4, 0, 2187396329
4, 0, 2325359809
4, 0, 2178080819
4, 0, 2226512755
4, 0, 1966251102
4, 0, 2065526924
4, 0, 1961039457
4, 0, 1982907821
4, 0, 1985194268
4, 0, 1752894693
4, 0, 2321872260
4, 0, 2055267316
4, 0, 2048368953
4, 0, 2065018993
4, 0, 2207730288
4, 0, 1970403843
4, 0, 1964159645
4, 0, 2174765159
4, 0, 1970227658
0, 4, 1793483301
0, 4, 1962438840
4, 0, 1833427018
0, 4, 1978745275
4, 0, 2321780048
4, 0, 1553546827
4, 0, 2262144577
4, 0, 2201414516
4, 0, 2224402427
4, 0, 2253487641
4, 0, 2191337892
0, 4, 1974941925
4, 0, 2251000206
4, 0, 1956023891
4, 0, 2247143126
4, 0, 2257606325
4, 0, 1551484704
4, 0, 1686499574
4, 0, 1792690185
4, 0, 2054961170
4, 0, 1826093076
0, 4, 1834942617
4, 0, 2212259293
4, 0, 1972674580
4, 0, 2064412482
0, 4, 1793680754
4, 0, 2323031582
4, 0, 2245178573
4, 0, 1971433703
4, 0, 2226124960
4, 0, 1976558032
4, 0, 2004043491
4, 0, 2242446019
4, 0, 2262668735
4, 0, 2255932165
4, 0, 2295660395
0, 4, 2053894369
0, 4, 2052494147
0, 4, 1970569246
4, 0, 1833342283
4, 0, 1573382606
4, 0, 2188897117
4, 0, 2303067785
4, 0, 1469504046
4, 0, 1969336585
4, 0, 1983976761
4, 0, 2253612218
4, 0, 1469269900
0, 4, 1933201064
4, 0, 2324170871
4, 0, 2231062750
4, 0, 1573459935
4, 0, 2322784179
4, 0, 1999761186
0, 4, 2190443867
4, 0, 2202975917
4, 0, 1692671767
4, 0, 2261636782
4, 0, 2060832037
4, 0, 2201290255
4, 0, 2259567793
0, 4, 1833020239
4, 0, 2051574815
0, 4, 2051242812
4, 0, 1977910060
4, 0, 1833698636
4, 0, 2185779090
4, 0, 2261608038
4, 0, 2066604485
4, 0, 2061625054
4, 0, 2232235976
4, 0, 2011541308
0, 4, 1548318089
0, 4, 1993540627
4, 0, 1679241097
4, 0, 2213575380
4, 0, 2066060245
4, 0, 2191481232
4, 0, 1695101626
0, 4, 1979428033
0, 4, 1985557373
4, 0, 1468623062
0, 4, 1974851818
4, 0, 1981817673
0, 4, 1995018447
4, 0, 2252975523
4, 0, 2053820833
4, 0, 1834111498
0, 4, 2186835783
4, 0, 2234939097
4, 0, 2254509596
0, 4, 1980034897
4, 0, 1833888453
0, 4, 1995874025
4, 0, 1573804506
0, 4, 2066134775
0, 4, 2003204139
4, 0, 2060262938
4, 0, 2299984587
4, 0, 2189962950
4, 0, 1991746257
0, 4, 1694385463
4, 0, 1962907469
4, 0, 2015170560
0, 4, 2014753660
4, 0, 2176936582
4, 0, 2189002563
0, 4, 1794233655
4, 0, 2298073997
4, 0, 2327662497
4, 0, 1753275768
4, 0, 2052317993
4, 0, 2237529019
4, 0, 2326206444
4, 0, 2049697065
4, 0, 2322717126
4, 0, 1825902434
0, 4, 1962395745
4, 0, 2006889499
4, 0, 2055839962
4, 0, 2191172102
4, 0, 2198932807
4, 0, 1676796494
4, 0, 2221440488
4, 0, 2251292164
4, 0, 2221708293
4, 0, 1573485260
4, 0, 2260735518
0, 4, 1835888198
4, 0, 1990128238
4, 0, 2014984683
4, 0, 2246778230
0, 4, 1993394010
4, 0, 2183888298
0, 4, 1676808119
0, 4, 2070089307
4, 0, 2301856702
0, 4, 1692176471
4, 0, 2015735194
4, 0, 2063450478
4, 0, 2323180326
4, 0, 2059306163
4, 0, 1984291130
4, 0, 1932602657
4, 0, 2049143835
4, 0, 2048094413
4, 0, 2071151158
4, 0, 1932938435
4, 0, 2266998369
4, 0, 1933092963
4, 0, 2240433711
4, 0, 2306243450
4, 0, 1984896388
4, 0, 2236462381
4, 0, 2261181635
0, 4, 2191483237
4, 0, 2215298523
4, 0, 1573042819
4, 0, 2000855764
4, 0, 2300539637
4, 0, 1791922600
4, 0, 1677361170
4, 0, 2059211714
4, 0, 2058915794
4, 0, 2234766692
4, 0, 1992471412
4, 0, 1978859250
4, 0, 2241025535
4, 0, 2282701562
4, 0, 1956952389
4, 0, 2013514052
0, 4, 2016642645
4, 0, 1977915716
4, 0, 1679032362
4, 0, 2054799237
0, 4, 2058726612
4, 0, 1972639767
4, 0, 2178753760
4, 0, 2189174952
4, 0, 2247045422
0, 4, 2187389996
4, 0, 2189876330
4, 0, 2218350616
4, 0, 2065460737
0, 4, 2069362236
4, 0, 2224974097
4, 0, 1792420652
4, 0, 2224975367
4, 0, 1962684003
4, 0, 2199259701
4, 0, 1574006755
4, 0, 2254694724
0, 4, 1969356296
4, 0, 2231209655
4, 0, 2011837503
4, 0, 1979092397
4, 0, 1686616601
4, 0, 2260579525
4, 0, 2176538292
4, 0, 2210201554
4, 0, 1882631683
4, 0, 1469055821
0, 4, 1680776689
4, 0, 2225050571
4, 0, 2179901731
0, 4, 1833921839
4, 0, 2178777633
4, 0, 2064217114
4, 0, 2257442008
4, 0, 1557644140
4, 0, 1677153567
4, 0, 2288288873
4, 0, 1972425059
4, 0, 2066912941
0, 4, 2193304384
4, 0, 2212930982
4, 0, 1969042202
4, 0, 2056446161
4, 0, 2057628917
4, 0, 2067795339
4, 0, 2060988451
4, 0, 2061826540
4, 0, 2250411160
4, 0, 1991656710
4, 0, 1984839312
4, 0, 2207573643
4, 0, 2265945517
4, 0, 1794772516
4, 0, 2206027980
4, 0, 2012261849
4, 0, 2006641799
4, 0, 2238169784
4, 0, 2262764068
4, 0, 2232564118
4, 0, 2063984098
0, 4, 1964171297
4, 0, 2225615087
4, 0, 2257529956
4, 0, 2070377275
4, 0, 1991860895
4, 0, 2234704152
0, 4, 1960296107
4, 0, 2071700951
4, 0, 1986770000
0, 4, 1965485752
0, 4, 1676995528
4, 0, 1989573264
0, 4, 2053464168
4, 0, 1968784120
4, 0, 1559673443
4, 0, 1759384052
0, 4, 1994724802
4, 0, 1989397238
0, 4, 1752019443
4, 0, 1751069281
4, 0, 1564095469
0, 4, 1985906588
4, 0, 1468251200
4, 0, 2018460485
0, 4, 1969199695
0, 4, 1469367959
4, 0, 2209795982
4, 0, 1687155469
0, 4, 1982364930
4, 0, 2250280082
4, 0, 1976855984
4, 0, 2283613990
4, 0, 1677802366
4, 0, 2297795163
4, 0, 2261537566
0, 4, 1834729282
4, 0, 1828053716
4, 0, 2223705432
4, 0, 1557196544
4, 0, 1977554108
0, 4, 1989238668
4, 0, 1997517447
4, 0, 2052854357
4, 0, 2225934702
4, 0, 1968663549
4, 0, 1964710421
4, 0, 2181369491
4, 0, 1880755392
4, 0, 2184619227
4, 0, 1835108765
0, 4, 2015752352
4, 0, 1834795628
4, 0, 1755729903
0, 4, 2056042096
4, 0, 2219507949
4, 0, 1558676366
4, 0, 2264993614
4, 0, 2072310648
4, 0, 2248744290
4, 0, 2259691660
4, 0, 1977271786
4, 0, 1968440555
0, 4, 1686105732
4, 0, 1970884403
0, 4, 2058380097
4, 0, 2051022295
4, 0, 2014534511
4, 0, 2328320006
0, 4, 2048138657
4, 0, 1973096590
4, 0, 1967655300
0, 4, 2049595198
4, 0, 2235737384
4, 0, 2000499065
4, 0, 1553393810
4, 0, 2050568792
4, 0, 2002844351
4, 0, 2207735707
4, 0, 2238355534
4, 0, 2195797350
4, 0, 1932786118
4, 0, 2207872202
4, 0, 2252090548
4, 0, 1676093355
4, 0, 1753466682
4, 0, 1692178867
4, 0, 1573069723
4, 0, 1963091044
4, 0, 1826165335
4, 0, 1984758729
4, 0, 2014987658
4, 0, 2286774940
4, 0, 2178133671
0, 4, 2018419840
4, 0, 1557915414
0, 4, 2054502542
4, 0, 2257350264
4, 0, 2070404621
0, 4, 2015041851
0, 4, 1559356958
4, 0, 2050327601
4, 0, 2191609519
0, 4, 1979750162
4, 0, 2064592635
4, 0, 2185048866
4, 0, 2247678534
4, 0, 1965335930
0, 4, 1982682813
0, 4, 1751324739
4, 0, 2013819123
4, 0, 1978518351
0, 4, 1995403087
4, 0, 2017680470
4, 0, 2060770121
4, 0, 2263275277
4, 0, 2070758929
4, 0, 2241032619
4, 0, 1998876576
4, 0, 2044202666
4, 0, 2070387156
4, 0, 1794010893
4, 0, 2067108245
4, 0, 1553236037
4, 0, 1677322523
4, 0, 2284140605
4, 0, 2205113745
4, 0, 2262968317
4, 0, 1985417269
4, 0, 2065040075
4, 0, 1752416053
4, 0, 1980339324
4, 0, 2016931955
4, 0, 2306279843
0, 4, 2007642150
0, 4, 1676641040
0, 4, 1974017671
4, 0, 2015553875
4, 0, 1989339247
0, 4, 2013341815
4, 0, 2242940814
0, 4, 1967076602
4, 0, 1983618825
4, 0, 1989063618
4, 0, 1823814469
4, 0, 2176019235
4, 0, 2059530050
4, 0, 1989435504
0, 4, 1932309787
4, 0, 1554138049
0, 4, 1551270892
4, 0, 1694531082
4, 0, 2267073422
4, 0, 2229691257
4, 0, 2247506185
4, 0, 1989600229
4, 0, 2061190288
4, 0, 1753307859
0, 4, 2002711429
4, 0, 1980177200
4, 0, 2060115704
0, 4, 2186554851
0, 4, 2058062239
0, 4, 2015436008
4, 0, 2016632136
4, 0, 1555931000
4, 0, 2258622072
4, 0, 2262414424
4, 0, 1980724234
4, 0, 2176585146
4, 0, 2244975634
4, 0, 1997463953
4, 0, 2056992581
4, 0, 2195537615
0, 4, 2063667750
4, 0, 1988862241
0, 4, 2001751668
4, 0, 2300308304
0, 4, 1991260746
4, 0, 2176849027
4, 0, 2190944784
4, 0, 2011065368
0, 4, 1835142688
0, 4, 2188359991
4, 0, 2065346963
4, 0, 2048070164
4, 0, 2226386826
4, 0, 2222618533
4, 0, 2265681538
0, 4, 2055828882
4, 0, 1836572807
0, 4, 1751641728
4, 0, 1823970850
4, 0, 1978712126
4, 0, 2221131205
4, 0, 2249657762
0, 4, 2190775657
4, 0, 1977881484
4, 0, 2066712129
4, 0, 2178694720
4, 0, 1932513931
4, 0, 1976562087
4, 0, 2175408498
4, 0, 2232935339
4, 0, 2068119426
4, 0, 1468152662
4, 0, 1966981206
4, 0, 1833887489
4, 0, 1964763479
4, 0, 1985550483
4, 0, 1996174614
4, 0, 2009364866
4, 0, 2230395383
4, 0, 2246254959
0, 4, 2056771164
4, 0, 2301150994
4, 0, 2260944348
4, 0, 1551712940
0, 4, 1827396976
0, 4, 1976912718
0, 4, 2001817876
4, 0, 1971095958
4, 0, 2222560549
4, 0, 1956126892
4, 0, 1994288577
4, 0, 1468596929
0, 4, 1970179540
4, 0, 2257677624
0, 4, 2050829979
4, 0, 2252446670
4, 0, 2230163102
4, 0, 2248551834
4, 0, 2202664437
4, 0, 2031855040
0, 4, 1971591897
0, 4, 1827219343
4, 0, 1753876882
4, 0, 2065917031
4, 0, 1753965909
4, 0, 1983484040
0, 4, 1974608609
4, 0, 1551179767
4, 0, 1835599649
0, 4, 1751431183
4, 0, 2266886369
4, 0, 2191407108
4, 0, 1932328260
4, 0, 2198371739
4, 0, 2250191633
4, 0, 2191296430
4, 0, 2050743136
4, 0, 1825717070
0, 4, 2174596521
4, 0, 2233068049
4, 0, 2013934573
0, 4, 1992375740
4, 0, 2001672718
4, 0, 2063063044
4, 0, 2302805214
4, 0, 2185077076
0, 4, 1677131734
4, 0, 1995308614
0, 4, 1826451755
4, 0, 1973713053
4, 0, 1992351987
0, 4, 2013084011
4, 0, 2186641474
4, 0, 2001495919
4, 0, 1971280284
4, 0, 2059435727
0, 4, 1972212044
4, 0, 1678432653
0, 4, 1957193258
0, 4, 2180749805
4, 0, 1974690265
4, 0, 2205708897
4, 0, 2179667909
0, 4, 2191905081
4, 0, 1822539039
0, 4, 1974101945
0, 4, 1991456970
0, 4, 1754179676
4, 0, 2010153397
4, 0, 2205800646
4, 0, 2229863280
4, 0, 2295215446
0, 4, 2000876174
4, 0, 2323407818
4, 0, 2255875547
4, 0, 1981236209
4, 0, 1957472414
4, 0, 1468713975
4, 0, 2203875788
4, 0, 2054265158
4, 0, 1984835765
4, 0, 1975962035
0, 4, 2048326477
0, 4, 2174661601
4, 0, 2297768877
0, 4, 1684981732
4, 0, 2071451838
4, 0, 2222323230
0, 4, 2064229911
4, 0, 2050208472
0, 4, 2001578348
4, 0, 2058490718
4, 0, 1982308599
4, 0, 2016120417
4, 0, 2065705239
4, 0, 1961864152
4, 0, 2070563907
4, 0, 2262289550
4, 0, 2194127632
4, 0, 1973670311
4, 0, 1973357743
4, 0, 2178431762
4, 0, 2282498761
0, 4, 1989832348
4, 0, 1551711463
0, 4, 2069175213
0, 4, 1573968692
4, 0, 2246556918
0, 4, 2060330217
4, 0, 1991966926
4, 0, 1693580220
0, 4, 2175134218
4, 0, 1980287632
4, 0, 1980562958
4, 0, 1985283107
4, 0, 1986546821
0, 4, 1966183228
0, 4, 1980398792
4, 0, 2202944764
0, 4, 2050657297
4, 0, 1754548946
4, 0, 1691421177
4, 0, 2001540438
4, 0, 2187430778
4, 0, 2227725771
0, 4, 1989991861
4, 0, 2194328264
4, 0, 2188371041
4, 0, 2250659971
4, 0, 2063696940
4, 0, 2067115777
4, 0, 1989809752
4, 0, 1555732276
4, 0, 1990590513
4, 0, 2236260856
4, 0, 1996034198
4, 0, 2247552784
4, 0, 2063712239
0, 4, 1978347123
0, 4, 1883035964
4, 0, 2001834053
4, 0, 1990436668
4, 0, 2206515046
4, 0, 2205412512
4, 0, 1990429095
4, 0, 1999435107
4, 0, 2207360815
4, 0, 1997260503
0, 4, 1978639752
4, 0, 2174775006
4, 0, 1957301684
4, 0, 2284928797
4, 0, 2053173907
4, 0, 1983396552
0, 4, 1956860826
4, 0, 2183014602
4, 0, 1986305411
4, 0, 2231649992
4, 0, 1977536684
4, 0, 2230821649
0, 4, 2056484544
4, 0, 2059039252
4, 0, 1986897510
0, 4, 1880755494
4, 0, 1988817262
4, 0, 2066472309
4, 0, 2254674714
4, 0, 2071081431
4, 0, 2218290302
4, 0, 2059779670
4, 0, 1973477382
4, 0, 2228399131
0, 4, 1972177813
4, 0, 2005405737
4, 0, 2266221316
4, 0, 2322104955
4, 0, 1750920435
4, 0, 1753211784
0, 4, 1882336878
0, 4, 2058382558
4, 0, 2284091489
4, 0, 2054125547
4, 0, 1970419452
4, 0, 2186593759
4, 0, 1823154411
4, 0, 1759728849
4, 0, 1469642427
0, 4, 2068891433
0, 4, 1990590972
4, 0, 2197082606
0, 4, 2186083264
4, 0, 2048637773
4, 0, 2055620097
4, 0, 1678401215
4, 0, 2264134241
4, 0, 2057685035
4, 0, 1751949655
4, 0, 2233325142
4, 0, 1972259978
4, 0, 2181189423
4, 0, 2206989305
4, 0, 2071094028
4, 0, 2256622540
4, 0, 2060305622
4, 0, 1975783694
4, 0, 2065156743
4, 0, 1690864156
0, 4, 2066100390
4, 0, 1681031275
4, 0, 2231628411
0, 4, 2053058541
0, 4, 2008810699
4, 0, 1557976806
4, 0, 1685054244
4, 0, 1986704344
4, 0, 1824743274
4, 0, 1881559514
4, 0, 1970647817
4, 0, 1989055740
4, 0, 2192551492
4, 0, 1974138257
4, 0, 2015553940
4, 0, 2326013784
4, 0, 2229983448
4, 0, 1932880733
4, 0, 2254563799
4, 0, 1753231189
0, 4, 2184227532
4, 0, 1965599722
0, 4, 1558765395
4, 0, 2252284096
4, 0, 2302828358
0, 4, 1834340083
4, 0, 2018508195
4, 0, 2201676575
4, 0, 1961243059
4, 0, 2214458746
4, 0, 1685720185
4, 0, 2048573064
0, 4, 2017882305
4, 0, 1558477632
0, 4, 1969783740
4, 0, 1996909675
0, 4, 1993165357
4, 0, 2266226080
4, 0, 2255247470
4, 0, 2260033733
4, 0, 1976752440
4, 0, 2066481681
4, 0, 2070110928
4, 0, 2186902403
4, 0, 2288473366
4, 0, 2001032737
4, 0, 2189447467
4, 0, 1965524757
4, 0, 2248258272
0, 4, 1979317118
4, 0, 1956355744
4, 0, 2245344210
4, 0, 2257271361
0, 4, 2176524133
4, 0, 2295890121
4, 0, 1972751510
4, 0, 1957745916
4, 0, 2044022589
4, 0, 2326572993
4, 0, 1564379519
4, 0, 1754192209
4, 0, 2058378667
0, 4, 1957065322
4, 0, 2056502731
4, 0, 2189981065
4, 0, 1933141775
4, 0, 2000953619
4, 0, 1985099724
4, 0, 2222204081
4, 0, 1825055676
4, 0, 2050006964
0, 4, 1982890263
4, 0, 2192742868
4, 0, 2213776548
0, 4, 2191204299
0, 4, 2002453923
4, 0, 1997673319
4, 0, 2215563906
4, 0, 1993538161
4, 0, 2176344719
4, 0, 2254953308
4, 0, 1999500328
4, 0, 2002161205
4, 0, 1676387727
4, 0, 1971189474
0, 4, 1981234761
4, 0, 1995612302
4, 0, 2177095671
4, 0, 1978441286
4, 0, 2070405984
4, 0, 2288065307
4, 0, 2058387492
4, 0, 1976483989
4, 0, 1984638989
4, 0, 1793873036
4, 0, 2217361936
4, 0, 2321737498
4, 0, 1982801240
4, 0, 2066885996
4, 0, 1967369410
4, 0, 1982348669
4, 0, 2244083445
0, 4, 1994274826
4, 0, 2054299476
0, 4, 2190836125
4, 0, 2262952206
4, 0, 2266286316
4, 0, 1974509867
4, 0, 1753550983
4, 0, 2266171961
0, 4, 1971604877
4, 0, 2016990294
4, 0, 1834115557
4, 0, 2300537063
4, 0, 2222095421
4, 0, 2218748136
0, 4, 1823969950
4, 0, 1834125681
0, 4, 1676714110
4, 0, 2047672907
4, 0, 1825456168
0, 4, 1833310414
4, 0, 1558669355
0, 4, 2190784910
4, 0, 2247874088
4, 0, 1979846087
4, 0, 2256708727
4, 0, 2233980297
0, 4, 1822721812
4, 0, 2243760658
4, 0, 2251859726
0, 4, 1995105471
4, 0, 1984530142
4, 0, 2015312993
4, 0, 2174521803
4, 0, 2012907990
4, 0, 2227948910
4, 0, 2051887831
4, 0, 2060335386
0, 4, 2176278901
0, 4, 1823791724
4, 0, 1686567105
0, 4, 1831347423
4, 0, 1932637556
4, 0, 2178066902
0, 4, 1975088292
4, 0, 1555977285
4, 0, 2053722413
4, 0, 1985395190
4, 0, 1693974977
4, 0, 1997975253
4, 0, 2016608836
4, 0, 1794390059
4, 0, 2057506581
4, 0, 1995927122
4, 0, 2207502199
4, 0, 1694647702
4, 0, 2063123233
0, 4, 2190457985
0, 4, 1998109242
4, 0, 2052245373
0, 4, 1678977497
4, 0, 2246940114
4, 0, 1554461032
4, 0, 2058255096
4, 0, 2014438311
4, 0, 1996744687
4, 0, 1827353706
4, 0, 2176767468
4, 0, 1983179278
4, 0, 2323371111
4, 0, 2054419897
4, 0, 1977051436
4, 0, 2298326871
4, 0, 2064027235
4, 0, 2069184701
4, 0, 1975823112
4, 0, 1556499434
4, 0, 1957424709
4, 0, 1982866132
4, 0, 1691822659
4, 0, 1961479003
4, 0, 2070547493
4, 0, 1677015581
4, 0, 2013302940
4, 0, 1983734284
0, 4, 2045986175
0, 4, 1548913969
4, 0, 1834702702
4, 0, 2301294263
4, 0, 1676757563
0, 4, 1936064597
4, 0, 2246087174
0, 4, 2052897293
4, 0, 1998524385
4, 0, 2234999108
4, 0, 2061301194
4, 0, 1469172730
4, 0, 2002127295
4, 0, 2000934159
4, 0, 1956535679
4, 0, 2324204509
4, 0, 2002275642
4, 0, 2015447261
4, 0, 1883149671
4, 0, 2209590779
4, 0, 1883663614
4, 0, 2195717122
4, 0, 1556936369
4, 0, 2192548077
4, 0, 1990505924
0, 4, 2068458369
0, 4, 1966130988
0, 4, 1981172548
4, 0, 2068047152
0, 4, 2193346098
4, 0, 2234802274
4, 0, 1834699675
4, 0, 1834588753
4, 0, 1573814783
4, 0, 1685213823
4, 0, 2068640978
4, 0, 2327909479
4, 0, 1833781606
4, 0, 2264397099
0, 4, 1978174976
4, 0, 2232873524
4, 0, 1883365340
4, 0, 2192465576
0, 4, 1997427492
4, 0, 2284824673
0, 4, 2185489555
4, 0, 1974908002
4, 0, 2186524006
4, 0, 1693018571
0, 4, 2065056242
4, 0, 1557584809
0, 4, 1970309658
4, 0, 2210913231
4, 0, 1825734735
4, 0, 2262091009
0, 4, 1993412683
4, 0, 1565947250
4, 0, 2176874154
0, 4, 2014471247
4, 0, 1984759440
4, 0, 2260812954
0, 4, 1677957719
4, 0, 1684926485
4, 0, 1977318353
4, 0, 2250541460
4, 0, 2323728353
4, 0, 2206173884
4, 0, 1974738469
4, 0, 2246605464
4, 0, 2069871992
4, 0, 2226716341
4, 0, 1834903824
4, 0, 2200190466
4, 0, 2326572499
4, 0, 1832860119
4, 0, 1574005312
4, 0, 1977752930
4, 0, 2250543221
4, 0, 1956733979
4, 0, 2196800205
4, 0, 1676424281
4, 0, 1686131443
4, 0, 2190143828
4, 0, 1977947576
0, 4, 2189995594
4, 0, 1676638359
4, 0, 2257922368
4, 0, 2323517555
4, 0, 2260024375
4, 0, 2015559378
4, 0, 2205132108
4, 0, 2189142574
4, 0, 2001313840
4, 0, 1978161099
0, 4, 1827978952
4, 0, 2001457053
4, 0, 2303307871
4, 0, 2176117076
4, 0, 2184777853
4, 0, 2051227907
4, 0, 1995163423
4, 0, 2198340553
4, 0, 1933065149
4, 0, 2000877074
4, 0, 1996452555
4, 0, 2189302981
0, 4, 1694686765
4, 0, 1932888053
4, 0, 1573893452
4, 0, 1988696824
4, 0, 2262104618
4, 0, 2250969932
4, 0, 1793499138
4, 0, 1551049117
4, 0, 2192936251
4, 0, 2054974286
4, 0, 1883276286
4, 0, 2234539114
4, 0, 2190845216
4, 0, 2210795943
4, 0, 2005115655
4, 0, 2043892498
4, 0, 1684969857
0, 4, 1967191955
4, 0, 1972282201
4, 0, 2185702158
4, 0, 1824346200
4, 0, 2300744163
0, 4, 1882895988
4, 0, 1985958681
0, 4, 1976012979
4, 0, 2232828061
0, 4, 1823994596
4, 0, 2244745244
4, 0, 2072343856
4, 0, 1692095665
0, 4, 1824135548
0, 4, 1975155081
4, 0, 2192474921
4, 0, 2215327643
4, 0, 2228847485
4, 0, 1994185945
4, 0, 2284915211
4, 0, 1962460120
0, 4, 2061349567
4, 0, 2256559736
4, 0, 1996245626
4, 0, 1979581366
4, 0, 1963603407
4, 0, 2259517777
4, 0, 2237853499
4, 0, 1836278529
4, 0, 1557133612
0, 4, 2062491161
4, 0, 1559292182
4, 0, 2070415645
4, 0, 2180103695
4, 0, 1963102339
4, 0, 2046055762
4, 0, 1557376333
4, 0, 2229643510
4, 0, 2190913048
4, 0, 2202638608
4, 0, 1827539179
4, 0, 2069482921
0, 4, 1972439010
4, 0, 2222293079
4, 0, 1825361349
4, 0, 2209152269
0, 4, 2183720602
4, 0, 2049500048
4, 0, 2177481904
4, 0, 1823121412
4, 0, 2232320749
4, 0, 2002987078
4, 0, 2174934921
0, 4, 2185034700
4, 0, 2262939827
0, 4, 1880607409
4, 0, 1686004998
4, 0, 1795856622
4, 0, 2061967745
0, 4, 1687663903
4, 0, 2256663032
4, 0, 2263330112
0, 4, 1834962858
4, 0, 2190641532
4, 0, 2069805535
4, 0, 1957429060
4, 0, 2206718841
4, 0, 2250223135
0, 4, 2071500172
4, 0, 2226601204
4, 0, 1687496723
4, 0, 2051747140
0, 4, 1556859702
4, 0, 1468305298
4, 0, 2017608191
4, 0, 2053403433
4, 0, 2188083658
4, 0, 1686297721
0, 4, 2192935911
4, 0, 1982303612
4, 0, 2253952181
4, 0, 2048491389
4, 0, 1793904315
4, 0, 1833234318
0, 4, 1999746989
4, 0, 2068887260
4, 0, 1991303591
4, 0, 2298266128
4, 0, 1692448603
4, 0, 2061982700
0, 4, 2068513183
4, 0, 2014295746
4, 0, 1468293310
4, 0, 1969865016
0, 4, 1976304337
4, 0, 2056347853
4, 0, 1956321128
0, 4, 2013067159
4, 0, 1981815354
4, 0, 2047935029
4, 0, 2200591501
4, 0, 2066991676
0, 4, 2058146749
4, 0, 1996453561
4, 0, 1677636277
4, 0, 2288214792
4, 0, 2062673007
4, 0, 2017614052
4, 0, 2258970366
4, 0, 2236416848
0, 4, 1565917430
4, 0, 2187654268
4, 0, 2207137345
0, 4, 1967887709
4, 0, 1989897759
4, 0, 2296478480
4, 0, 1564275114
4, 0, 1960867210
4, 0, 2014743859
0, 4, 1974960721
4, 0, 1965553903
4, 0, 1988712392
4, 0, 2248086513
4, 0, 1686564219
0, 4, 2175395283
4, 0, 2190394591
0, 4, 2001956856
4, 0, 2064532491
4, 0, 1824728725
4, 0, 2065608350
4, 0, 2248232254
4, 0, 2050329463
4, 0, 1932720720
4, 0, 2016816437
4, 0, 2003229650
4, 0, 1677107805
4, 0, 2186170927
0, 4, 1998734268
4, 0, 1881060436
4, 0, 2056407316
4, 0, 2266413826
4, 0, 1977366984
0, 4, 1675862988
4, 0, 1828024584
0, 4, 1991796239
4, 0, 1989741850
0, 4, 1956246359
4, 0, 2071899923
4, 0, 2301045935
4, 0, 2176601310
4, 0, 1983895302
0, 4, 1956309909
4, 0, 2061514319
4, 0, 2254017434
0, 4, 1974776762
4, 0, 1695466930
4, 0, 2066516253
4, 0, 1972624038
4, 0, 2071744089
4, 0, 2175877402
4, 0, 2055124472
0, 4, 1980454888
4, 0, 2284423813
4, 0, 2054614330
0, 4, 2190114249
0, 4, 2065365146
4, 0, 1823558129
4, 0, 2230594608
4, 0, 2285820971
4, 0, 2045841638
4, 0, 1834376893
4, 0, 2067502388
4, 0, 1551333230
4, 0, 1971059925
0, 4, 1833565153
0, 4, 1678131591
4, 0, 2071089740
4, 0, 1677207746
0, 4, 1880848392
4, 0, 1753534396
0, 4, 1548318718
4, 0, 1976915470
4, 0, 1881189891
4, 0, 2287882698
4, 0, 2241354943
4, 0, 1557680197
4, 0, 1966195083
0, 4, 2176361006
0, 4, 1553462868
4, 0, 1684926912
4, 0, 1983182162
4, 0, 2260267237
4, 0, 1968788388
4, 0, 1686548487
4, 0, 2048153751
4, 0, 1679149304
4, 0, 2259205130
4, 0, 1999622490
4, 0, 2194677604
4, 0, 1693832636
0, 4, 2193426860
4, 0, 2175219130
4, 0, 2061553277
4, 0, 1996192111
0, 4, 2069322256
4, 0, 1969597259
4, 0, 2190963123
4, 0, 2212538245
4, 0, 2191684516
4, 0, 1557318853
4, 0, 2014313589
4, 0, 1823437192
4, 0, 1695541559
4, 0, 1833580364
0, 4, 2065576808
4, 0, 2195975094
0, 4, 1468350990
4, 0, 2235367992
0, 4, 1694257510
0, 4, 2013899212
4, 0, 1825160765
0, 4, 2001167271
4, 0, 2057275827
4, 0, 2187195628
4, 0, 2285095101
0, 4, 2000428122
4, 0, 1692295722
4, 0, 1824761855
4, 0, 2193477945
4, 0, 2222647885
4, 0, 2204752537
4, 0, 2060135199
4, 0, 2066992431
4, 0, 2187369128
4, 0, 2325312724
0, 4, 1981707307
4, 0, 2325906906
4, 0, 1985330223
4, 0, 2060705297
4, 0, 2246379666
4, 0, 1835701134
4, 0, 1957132511
0, 4, 2053038659
4, 0, 2252926615
0, 4, 1556607315
4, 0, 1985161092
4, 0, 1995540953
4, 0, 2323064839
4, 0, 2232492183
4, 0, 1881509796
0, 4, 1967945321
4, 0, 2217247717
4, 0, 1573414724
0, 4, 2190173551
0, 4, 2044814850
4, 0, 2266164979
0, 4, 1992455857
4, 0, 2205747036
0, 4, 1564831242
0, 4, 2179926504
0, 4, 1972542486
4, 0, 1565388708
4, 0, 1689004824
4, 0, 2063254988
0, 4, 2013536004
0, 4, 1468363696
4, 0, 1988717103
4, 0, 2049951530
4, 0, 2233003938
4, 0, 1470233194
0, 4, 1468323352
4, 0, 2245194939
4, 0, 2185733470
4, 0, 1932820690
4, 0, 2203266919
0, 4, 1678390363
4, 0, 2228076858
4, 0, 2211257960
4, 0, 2223164504
4, 0, 2053144387
4, 0, 1573902720
4, 0, 1932280776
0, 4, 1551181509
4, 0, 2246824825
0, 4, 1554166882
4, 0, 2203799282
4, 0, 2016634229
4, 0, 1883285356
4, 0, 2225719175
4, 0, 1823706206
4, 0, 2046125025
0, 4, 1983309302
4, 0, 2233028834
4, 0, 2179100892
4, 0, 1771050038
4, 0, 2257742363
0, 4, 1557749160
4, 0, 2216862451
4, 0, 2176971160
4, 0, 2179825125
4, 0, 1553823403
4, 0, 1962781061
0, 4, 2053489850
4, 0, 2039777268
4, 0, 2007639339
4, 0, 2056074436
4, 0, 2190032652
4, 0, 1982360586
4, 0, 1565096048
4, 0, 2231753707
4, 0, 2064148136
4, 0, 1982242800
0, 4, 2179083284
0, 4, 2000288735
4, 0, 2067114961
0, 4, 1574087957
0, 4, 1979174842
4, 0, 2295876145
0, 4, 1997539608
4, 0, 2228697071
4, 0, 2256729824
4, 0, 2066940996
4, 0, 2266129992
4, 0, 2247689433
4, 0, 2240181687
0, 4, 1980201481
4, 0, 2063704547
4, 0, 2068390790
0, 4, 2190295432
0, 4, 1827961951
4, 0, 2215172982
0, 4, 2014253638
4, 0, 1968355065
4, 0, 2055364811
4, 0, 2248641047
4, 0, 2200928355
4, 0, 2233101786
4, 0, 1835313294
4, 0, 2203253480
0, 4, 1834516908
4, 0, 2237618201
0, 4, 2054873163
4, 0, 1551901677
4, 0, 2072445057
4, 0, 1834855219
4, 0, 1564646271
4, 0, 2261853971
0, 4, 2185688837
4, 0, 2194608824
4, 0, 2059721835
4, 0, 2327268136
4, 0, 1468853362
0, 4, 2175780490
4, 0, 2324562349
4, 0, 2059340555
4, 0, 1972180784
4, 0, 2187200422
4, 0, 2241451480
4, 0, 2285732335
4, 0, 2231958499
4, 0, 1989220246
4, 0, 1794908642
4, 0, 2300593295
4, 0, 1679944088
4, 0, 2182755682
4, 0, 1992591025
4, 0, 2051138888
4, 0, 2241451004
4, 0, 1759965244
0, 4, 1956072585
0, 4, 1988818784
4, 0, 1973774208
4, 0, 2068628581
4, 0, 2287070121
4, 0, 1981742511
4, 0, 2217729030
0, 4, 1971512296
4, 0, 2199644648
4, 0, 2228115989
4, 0, 2013707947
0, 4, 2058247713
4, 0, 2067973002
0, 4, 1975982905
0, 4, 1685031414
4, 0, 2176376260
4, 0, 2248263326
4, 0, 2190932190
4, 0, 1967867932
0, 4, 2061525160
4, 0, 2204429144
0, 4, 1984072313
0, 4, 1984900628
4, 0, 1968792376
4, 0, 1994089133
0, 4, 2044451401
0, 4, 1989582521
4, 0, 2203432054
0, 4, 1824159206
4, 0, 2231875781
4, 0, 2328497702
4, 0, 2231083491
4, 0, 2194012008
4, 0, 2045117984
4, 0, 2069781685
0, 4, 1979707739
4, 0, 2247750559
0, 4, 2052747849
0, 4, 1993750006
0, 4, 1992956509
0, 4, 1573530814
4, 0, 1969033350
4, 0, 2229429439
4, 0, 2263106404
4, 0, 2060633011
0, 4, 2062445049
4, 0, 2198197583
4, 0, 2224567632
0, 4, 1991605205
4, 0, 2263933820
0, 4, 2054596316
0, 4, 1995468359
4, 0, 2193771873
0, 4, 2000916354
4, 0, 1557284689
4, 0, 2048427140
4, 0, 2231412512
4, 0, 2229872007
4, 0, 2201845971
0, 4, 1678388039
4, 0, 1970747712
4, 0, 1557235928
4, 0, 1573886690
4, 0, 2218672223
4, 0, 2013504283
4, 0, 2296024892
4, 0, 1979546104
4, 0, 2252365087
4, 0, 2225805938
4, 0, 1964794235
4, 0, 2201838537
4, 0, 1678429983
4, 0, 2262491646
4, 0, 1986959318
4, 0, 1827516149
4, 0, 1973833126
4, 0, 1974753768
4, 0, 2177702172
4, 0, 2263744251
4, 0, 2265196215
0, 4, 2187837589
4, 0, 2231577178
4, 0, 1973811135
4, 0, 2235020601
0, 4, 2182197420
0, 4, 1969028205
4, 0, 1686083547
0, 4, 1975008124
0, 4, 2065315033
4, 0, 2178613651
4, 0, 2219283050
4, 0, 2327193206
4, 0, 2285689809
4, 0, 1976465553
4, 0, 1759163629
4, 0, 1997283589
4, 0, 2056091916
0, 4, 1883640608
4, 0, 1964089981
4, 0, 1969605375
4, 0, 2236117841
4, 0, 1833438069
4, 0, 1573322799
4, 0, 2237044497
0, 4, 1677075162
4, 0, 2053111737
4, 0, 2063434732
0, 4, 1677909760
4, 0, 2322596314
4, 0, 2203456261
4, 0, 2255162206
4, 0, 1687058162
4, 0, 1995912901
4, 0, 1755400594
0, 4, 2050434396
4, 0, 1993859360
4, 0, 2183348020
4, 0, 1564505451
4, 0, 2211355063
4, 0, 2266906994
4, 0, 2010644681
4, 0, 1990391887
4, 0, 2058637247
4, 0, 2017333211
4, 0, 2237351262
4, 0, 1966228071
4, 0, 2177863598
4, 0, 1984999294
4, 0, 2324622978
4, 0, 2217827568
4, 0, 1981045415
4, 0, 1550842657
4, 0, 2179824495
4, 0, 2002319172
0, 4, 1676369117
4, 0, 2286649323
0, 4, 1977779735
0, 4, 1981375366
4, 0, 1961059288
4, 0, 1979755052
0, 4, 2187859491
0, 4, 1880783331
4, 0, 1996546073
4, 0, 2225776473
4, 0, 1879965913
0, 4, 1973518504
4, 0, 1678905446
4, 0, 2193804559
4, 0, 2064229863
0, 4, 2053262335
4, 0, 2234616921
4, 0, 2177134563
4, 0, 2288662454
0, 4, 1979714962
0, 4, 1957149140
0, 4, 2060957835
4, 0, 1974283568
0, 4, 1979543474
0, 4, 1982282248
4, 0, 1991619818
4, 0, 1990081814
4, 0, 2192460151
0, 4, 1559129556
4, 0, 2248525938
0, 4, 1976531261
4, 0, 1985416585
4, 0, 2237292181
4, 0, 2203771666
0, 4, 1975201513
4, 0, 1992703336
0, 4, 1880354808
4, 0, 2214772931
4, 0, 2205096020
0, 4, 1980445102
4, 0, 1982598367
4, 0, 1556721843
4, 0, 1754902490
4, 0, 1975780196
4, 0, 2049281315
4, 0, 2062438113
4, 0, 2070167100
4, 0, 1573159475
4, 0, 1548574896
4, 0, 2254539294
4, 0, 2051012325
4, 0, 2183671424
4, 0, 1971042103
4, 0, 2301500697
0, 4, 2053012026
4, 0, 2072207724
4, 0, 1995862292
4, 0, 2052485717
4, 0, 1563969977
4, 0, 2002407085
4, 0, 1961129232
4, 0, 1977159797
4, 0, 2285821767
4, 0, 1974439106
4, 0, 1960425693
4, 0, 2001405085
0, 4, 2062448130
4, 0, 1982830909
4, 0, 2233140542
4, 0, 2205861773
4, 0, 2299505921
4, 0, 2236850620
4, 0, 2196427749
4, 0, 1687331308
4, 0, 2245580967
4, 0, 1969156497
4, 0, 1993027756
4, 0, 2055038653
0, 4, 2018376280
4, 0, 2195092305
4, 0, 1835571059
4, 0, 2045235223
0, 4, 1983847117
4, 0, 1835870604
4, 0, 1753969644
4, 0, 1976639485
4, 0, 1573943387
4, 0, 2050140681
0, 4, 1985401668
4, 0, 2015206815
4, 0, 1468545846
0, 4, 1991494451
4, 0, 2236663509
4, 0, 1972397859
4, 0, 2176266034
4, 0, 2217149684
0, 4, 1827739033
4, 0, 1969275290
4, 0, 1972268661
4, 0, 2251699336
0, 4, 1969767851
4, 0, 2072040261
4, 0, 2246676433
4, 0, 1880201027
4, 0, 2323029499
4, 0, 1752348890
0, 4, 1883324410
4, 0, 1677712355
4, 0, 2214087250
4, 0, 2009275068
4, 0, 1997063108
4, 0, 2258185077
4, 0, 2187013175
4, 0, 1880916014
4, 0, 2229174115
4, 0, 2055388623
4, 0, 1986183763
0, 4, 2061680742
4, 0, 2060541783
4, 0, 2050821922
4, 0, 1966449859
4, 0, 2301230246
4, 0, 2285548356
4, 0, 1793068369
4, 0, 2264761004
4, 0, 1827395147
4, 0, 1468277616
4, 0, 2182903039
0, 4, 2180956114
4, 0, 2046974921
4, 0, 2264750741
4, 0, 2070108993
4, 0, 2062879230
0, 4, 1979576712
4, 0, 2211115628
4, 0, 2052931445
4, 0, 2232516617
4, 0, 2000628048
0, 4, 1883302756
4, 0, 1971578724
4, 0, 1832353507
4, 0, 2197757258
4, 0, 1685474753
4, 0, 1828032709
4, 0, 2322740116
0, 4, 2051626532
4, 0, 2070619778
4, 0, 2205081662
0, 4, 1833814026
0, 4, 2056753493
4, 0, 2004846149
4, 0, 2049754947
4, 0, 2176647991
4, 0, 1997377460
4, 0, 1834471224
4, 0, 2177910036
4, 0, 1687216266
4, 0, 1977253941
4, 0, 1996307779
4, 0, 2072171485
0, 4, 1998959247
4, 0, 2013323587
4, 0, 2228196599
0, 4, 2062626062
4, 0, 1825020589
4, 0, 2235814232
4, 0, 2052620702
0, 4, 1469616234
4, 0, 1956482001
0, 4, 1468056000
4, 0, 2196894070
4, 0, 2179766103
4, 0, 1771132710
4, 0, 1564463278
4, 0, 1551482568
4, 0, 2261350962
0, 4, 1564103697
4, 0, 2069140030
4, 0, 1963649102
4, 0, 1467881686
4, 0, 2191981539
4, 0, 2191598258
4, 0, 2190627159
4, 0, 2062578938
4, 0, 1794730107
4, 0, 2249613480
0, 4, 1993815676
4, 0, 2051519880
0, 4, 1933223520
4, 0, 2222153716
4, 0, 2053950195
4, 0, 2067786489
4, 0, 2015930851
4, 0, 2205368898
4, 0, 1572931322
4, 0, 1694546376
4, 0, 1968422995
4, 0, 2300966636
0, 4, 1970766326
4, 0, 2218666967
4, 0, 2257633883
0, 4, 2193031733
4, 0, 2001692811
4, 0, 2072438479
4, 0, 2191219025
4, 0, 2226540661
4, 0, 2263183876
4, 0, 2240104081
0, 4, 1558676679
0, 4, 1992626110
0, 4, 1994997850
4, 0, 2055574243
4, 0, 1991102365
4, 0, 2202396543
4, 0, 2015777146
4, 0, 2244694673
4, 0, 1557579492
4, 0, 2015424790
4, 0, 1991070443
4, 0, 1882086549
0, 4, 1968182911
0, 4, 2176113214
0, 4, 2013932949
4, 0, 1556609622
4, 0, 1834908432
0, 4, 1826036855
4, 0, 2262732886
4, 0, 2016129779
4, 0, 2251260587
4, 0, 2328791732
4, 0, 1826029735
4, 0, 2018269690
4, 0, 2194073513
4, 0, 2191034437
4, 0, 1980663511
4, 0, 1975549016
4, 0, 2049930071
0, 4, 2015667870
4, 0, 2062301651
4, 0, 2175423816
4, 0, 2059300646
4, 0, 2259289000
4, 0, 2202289966
4, 0, 2234982044
0, 4, 2189925441
4, 0, 2244957070
0, 4, 1827778353
0, 4, 1997678040
4, 0, 2204530423
0, 4, 1573752902
4, 0, 2067713763
4, 0, 1835728768
4, 0, 1965669794
4, 0, 2052150386
4, 0, 2242519915
0, 4, 1827437673
0, 4, 1975518024
0, 4, 2030755804
4, 0, 2210537675
4, 0, 2067697454
4, 0, 1965531224
4, 0, 2232218348
4, 0, 1558254605
4, 0, 2302608543
4, 0, 2006459542
4, 0, 2059947755
4, 0, 1883141012
4, 0, 1995336676
4, 0, 2016999562
0, 4, 1980745472
4, 0, 2017328720
4, 0, 1972173201
0, 4, 2191947135
4, 0, 2005008598
4, 0, 2190089192
4, 0, 1982814933
4, 0, 1693985386
4, 0, 1974639885
4, 0, 1981391396
4, 0, 2238429404
0, 4, 1932700944
4, 0, 2200148142
0, 4, 2188614048
0, 4, 1550847854
4, 0, 1558066637
4, 0, 2286292095
4, 0, 1559218257
4, 0, 2196048994
4, 0, 2249868113
0, 4, 2065697920
4, 0, 1694451435
4, 0, 1966876182
0, 4, 2061394960
0, 4, 2188341779
0, 4, 2047856380
4, 0, 1956176755
0, 4, 1989824831
4, 0, 1994330302
4, 0, 2188646582
4, 0, 2266118560
4, 0, 2249015598
4, 0, 2007794059
4, 0, 1751664664
0, 4, 1964546332
4, 0, 1970341625
4, 0, 1972824990
0, 4, 1994631575
4, 0, 2051007003
0, 4, 2066660529
4, 0, 2213067147
4, 0, 2014521824
4, 0, 1882524698
4, 0, 1988864103
0, 4, 2051209469
4, 0, 1982668299
4, 0, 2016094787
4, 0, 2051691167
4, 0, 2286771606
0, 4, 1972212603
4, 0, 2055130352
4, 0, 2241582160
4, 0, 1793495497
4, 0, 2062512680
4, 0, 2212062313
4, 0, 2008578916
4, 0, 2235746204
4, 0, 2015738805
4, 0, 1572997546
4, 0, 1685855175
4, 0, 1882443393
0, 4, 1881462909
4, 0, 2185441699
4, 0, 2256189656
4, 0, 2223134641
4, 0, 2286007889
4, 0, 2046845500
4, 0, 1999008321
4, 0, 2254236999
4, 0, 2248557458
4, 0, 1685694596
4, 0, 1974819538
4, 0, 1964592011
4, 0, 2011628768
4, 0, 2065852324
4, 0, 1990436133
4, 0, 1573299338
4, 0, 2323597843
4, 0, 1974558426
4, 0, 2195771540
4, 0, 2004032707
4, 0, 2178498314
4, 0, 1977242915
4, 0, 2188410877
4, 0, 1974789226
4, 0, 1548279922
4, 0, 2296105235
4, 0, 1992219194
4, 0, 2060338388
4, 0, 2054381335
4, 0, 2234715177
4, 0, 1985947398
4, 0, 2252630674
4, 0, 1556794166
4, 0, 2325291014
4, 0, 2221344181
4, 0, 2238015479
4, 0, 1974714908
4, 0, 1994823747
0, 4, 1999932520
4, 0, 2297863784
0, 4, 1957170147
4, 0, 2183870615
4, 0, 1752222650
4, 0, 2178801392
4, 0, 1971353515
4, 0, 2245770685
0, 4, 1989713332
0, 4, 2188897998
4, 0, 2174617958
4, 0, 1986163450
4, 0, 2014643941
4, 0, 2217986318
0, 4, 2067012796
0, 4, 1553773447
4, 0, 1995542235
4, 0, 2199031203
4, 0, 2257338338
4, 0, 1995287167
4, 0, 2205486667
4, 0, 2261132517
4, 0, 2014767948
4, 0, 2071650128
4, 0, 1976912132
4, 0, 2002029314
4, 0, 1881246469
4, 0, 2259058791
0, 4, 1994891527
4, 0, 1557029129
4, 0, 1976288886
0, 4, 1554014104
0, 4, 1677055474
4, 0, 2049456132
4, 0, 1985140663
0, 4, 2055509594
4, 0, 1469315904
4, 0, 2323588847
4, 0, 1956888328
4, 0, 1880945920
4, 0, 2186466148
0, 4, 1793829089
0, 4, 1824135348
0, 4, 1832351284
4, 0, 2185677601
4, 0, 1964246804
4, 0, 1963531079
0, 4, 2064200474
4, 0, 1976723066
4, 0, 2232543200
4, 0, 2056049841
4, 0, 2013812145
0, 4, 2000790215
4, 0, 2176689182
4, 0, 2174794012
4, 0, 2211114245
0, 4, 1678265141
4, 0, 2250397700
4, 0, 1969228310
0, 4, 1999020740
4, 0, 2223115021
4, 0, 1968399727
4, 0, 2245483446
0, 4, 1976151999
4, 0, 1834399328
4, 0, 1967331972
4, 0, 1795953972
4, 0, 2065565625
4, 0, 1795501115
4, 0, 2214503946
4, 0, 2203823419
4, 0, 1793224145
4, 0, 1836352797
0, 4, 1883642226
4, 0, 1771132423
4, 0, 1971145930
4, 0, 2053566861
4, 0, 2008071761
4, 0, 2328278194
4, 0, 2221074235
4, 0, 1962738446
0, 4, 2062501982
4, 0, 1988999863
4, 0, 2069989234
0, 4, 1996917968
4, 0, 2178641402
4, 0, 2254058859
4, 0, 1822461923
0, 4, 2013301190
0, 4, 2015784644
4, 0, 1973447806
4, 0, 2001641687
4, 0, 1792352669
4, 0, 2232162007
0, 4, 2052596834
4, 0, 2057818739
4, 0, 2231072002
4, 0, 2289638512
4, 0, 1834160211
4, 0, 2197321473
4, 0, 1996606351
4, 0, 2014298849
4, 0, 2229355056
4, 0, 2251369112
4, 0, 2196715822
4, 0, 2182037080
4, 0, 1827860065
0, 4, 2031180864
4, 0, 2054482218
4, 0, 2072396823
4, 0, 1963408939
4, 0, 2001391684
0, 4, 2186315852
0, 4, 1752773617
4, 0, 2217247226
4, 0, 2060049405
4, 0, 2218088457
4, 0, 2213586628
4, 0, 2016050359
4, 0, 2204250730
4, 0, 1977727103
4, 0, 2186073054
0, 4, 1564503761
4, 0, 1977349840
4, 0, 1468141439
4, 0, 2058842903
4, 0, 1969301019
4, 0, 1972253388
4, 0, 2255165548
4, 0, 1968808631
0, 4, 1563758374
0, 4, 2017015076
0, 4, 1754448023
0, 4, 1996216128
4, 0, 1990297488
4, 0, 2209360951
4, 0, 1990849423
4, 0, 1974017254
4, 0, 2060364418
0, 4, 1970792485
4, 0, 2176782421
4, 0, 2177180080
4, 0, 1692017472
4, 0, 1972614327
4, 0, 2189525124
4, 0, 2299652598
4, 0, 2207899617
4, 0, 1976309034
4, 0, 2227911569
4, 0, 2325554288
4, 0, 2220730856
4, 0, 2066899300
4, 0, 2184839562
4, 0, 2328464256
4, 0, 2328738402
0, 4, 2052719106
4, 0, 2002114754
4, 0, 2252610811
4, 0, 1965860038
4, 0, 2253775235
0, 4, 1881794454
4, 0, 2237194969
0, 4, 2001577743
4, 0, 2216667714
4, 0, 1792887601
4, 0, 2325242342
4, 0, 2284957192
4, 0, 2259905326
4, 0, 2236494295
0, 4, 1677426682
4, 0, 2201749216
4, 0, 1563611376
4, 0, 2071604502
4, 0, 2201672382
4, 0, 1826996660
4, 0, 1970769559
4, 0, 2254191261
4, 0, 1970070689
0, 4, 2000153119
0, 4, 2053682206
4, 0, 1563956988
0, 4, 1881781435
4, 0, 2288758190
0, 4, 1962398562
4, 0, 2249525114
0, 4, 1989903419
4, 0, 1964840067
0, 4, 2053454557
0, 4, 1967060734
4, 0, 2238400338
4, 0, 1979603877
4, 0, 2052822329
4, 0, 2066994803
4, 0, 1980739127
4, 0, 2250792997
0, 4, 1693323595
4, 0, 1996478583
4, 0, 2187565713
0, 4, 2064926375
0, 4, 1966617022
4, 0, 1795267023
4, 0, 2202319711
4, 0, 1755478324
4, 0, 1833448149
4, 0, 1770739238
4, 0, 2194184173
4, 0, 2066919710
4, 0, 2015711618
4, 0, 1694392375
0, 4, 1469369598
4, 0, 2048792412
4, 0, 2175252474
4, 0, 1972220610
4, 0, 2208475329
0, 4, 2175040513
4, 0, 2048063423
4, 0, 2017326992
4, 0, 2265912558
4, 0, 1961653423
4, 0, 1883343138
4, 0, 1960864881
4, 0, 1548278631
0, 4, 1962631726
0, 4, 1754400430
4, 0, 1573520649
0, 4, 1564218035
4, 0, 1965698138
4, 0, 2044616887
4, 0, 2013691289
4, 0, 2014720087
4, 0, 2229423161
4, 0, 2262035764
4, 0, 1557803435
0, 4, 2189539236
4, 0, 2066556224
4, 0, 1984126922
4, 0, 2235393425
4, 0, 1467811592
4, 0, 2200088518
4, 0, 2221401435
4, 0, 1881019472
4, 0, 2218873036
4, 0, 1822897576
4, 0, 1793572004
4, 0, 1979626394
4, 0, 2263093238
4, 0, 2323067540
4, 0, 1964873466
4, 0, 2299850927
4, 0, 2300775282
4, 0, 2185818205
4, 0, 2059288110
4, 0, 2322815267
0, 4, 1827705794
4, 0, 1985196593
4, 0, 2174809480
4, 0, 2213951965
4, 0, 2014908428
4, 0, 2054568279
4, 0, 1984510853
4, 0, 2232646892
0, 4, 2190256756
4, 0, 1988924823
0, 4, 1678052959
4, 0, 2186549606
4, 0, 2064302406
4, 0, 2061105059
4, 0, 2262241835
0, 4, 1995873450
4, 0, 2002498757
4, 0, 2218837585
4, 0, 2178854424
4, 0, 2252421130
4, 0, 2254356728
4, 0, 2236545869
4, 0, 1991756511
4, 0, 2245438512
4, 0, 2245506113
4, 0, 2062186675
4, 0, 2219348522
4, 0, 1685464307
4, 0, 2182503610
4, 0, 1957015475
4, 0, 2064678702
4, 0, 2254069481
4, 0, 1751609715
4, 0, 2193068199
0, 4, 2178122491
4, 0, 1881700802
4, 0, 2066959156
4, 0, 2258604582
4, 0, 2001974257
4, 0, 2251696988
4, 0, 2246080493
4, 0, 2266708551
0, 4, 2063383383
4, 0, 2239484459
4, 0, 2052696614
4, 0, 1564539484
4, 0, 1696175440
4, 0, 2247364141
4, 0, 2323637102
4, 0, 2222229440
0, 4, 2057674039
4, 0, 2066966549
4, 0, 1695727287
4, 0, 1982260318
0, 4, 2179652943
4, 0, 2072213230
4, 0, 1835149415
0, 4, 1751537806
0, 4, 1964418135
4, 0, 2222044363
4, 0, 2192857434
0, 4, 2014825212
4, 0, 2062211188
4, 0, 2225722538
0, 4, 1557400497
4, 0, 2204384236
4, 0, 1990282194
4, 0, 1832555112
0, 4, 1965544428
0, 4, 2052173376
0, 4, 1467916714
0, 4, 2030738793
4, 0, 1469757896
4, 0, 1995882826
4, 0, 2302737978
4, 0, 1996781965
0, 4, 1971112157
4, 0, 1676397449
4, 0, 1753665095
0, 4, 1792327149
4, 0, 1982747550
4, 0, 2264865286
4, 0, 1977205120
0, 4, 1824182353
4, 0, 1793985887
4, 0, 1992558866
4, 0, 1982326980
4, 0, 1970364241
4, 0, 1966437497
0, 4, 1880693074
4, 0, 1990611578
0, 4, 2192792844
4, 0, 2039678872
4, 0, 2248387591
4, 0, 2259858285
4, 0, 2213196583
4, 0, 2250160648
4, 0, 1932857872
4, 0, 2008251320
4, 0, 2189411241
4, 0, 2265733940
4, 0, 2190014574
4, 0, 1983842219
4, 0, 1979346231
0, 4, 2015053056
4, 0, 2207211034
4, 0, 2262156029
4, 0, 2227763004
4, 0, 2044050625
4, 0, 2187856818
4, 0, 2056748199
4, 0, 2244282603
4, 0, 2244496741
0, 4, 1971109316
0, 4, 1968023841
4, 0, 2251176695
4, 0, 2198133497
4, 0, 2215441425
4, 0, 2326765472
4, 0, 2204406702
4, 0, 2261670244
4, 0, 2196226532
4, 0, 1793562654
4, 0, 2236386692
4, 0, 1564081779
4, 0, 1990242716
4, 0, 1985093681
4, 0, 1991136022
4, 0, 1985480900
0, 4, 1685006271
0, 4, 2181699770
4, 0, 2228807283
4, 0, 1994400912
4, 0, 1993433480
0, 4, 1981706336
4, 0, 1976905800
4, 0, 2286672546
4, 0, 1686314005
4, 0, 2196209439
0, 4, 2069604944
4, 0, 2236624898
4, 0, 2267036185
4, 0, 2046537114
0, 4, 2012153004
4, 0, 1564070541
4, 0, 2248972941
4, 0, 1967088309
4, 0, 1967592527
4, 0, 2063518053
0, 4, 2001771572
4, 0, 1751489415
4, 0, 1770971104
0, 4, 2033595822
4, 0, 2218317947
4, 0, 1968710644
4, 0, 2066976822
4, 0, 2223757076
0, 4, 1998085972
0, 4, 2062657613
4, 0, 1989675053
4, 0, 2265999433
4, 0, 1998665646
0, 4, 1974380529
4, 0, 2071552781
4, 0, 2257792310
4, 0, 1960450835
4, 0, 1932488838
4, 0, 2229937695
4, 0, 2202655665
4, 0, 2302753722
0, 4, 1981086899
4, 0, 1882260940
0, 4, 1880956268
4, 0, 2049921782
4, 0, 2050701422
4, 0, 1989830873
4, 0, 1573194907
4, 0, 1676579153
4, 0, 1824131392
4, 0, 2174368431
4, 0, 2248694994
4, 0, 2201952854
4, 0, 1968018064
0, 4, 2004972457
4, 0, 1691119156
4, 0, 1973528321
4, 0, 1974641058
4, 0, 2234147989
4, 0, 1558281863
4, 0, 1556641456
4, 0, 1573592814
4, 0, 2176742615
4, 0, 2189199450
4, 0, 2214275392
0, 4, 1996897701
4, 0, 2065155915
0, 4, 1564666537
4, 0, 1695053664
4, 0, 1984697635
0, 4, 1992456581
4, 0, 2234653839
4, 0, 1823841605
4, 0, 1977456179
4, 0, 2229835356
4, 0, 2013557645
4, 0, 2264055997
4, 0, 2205130273
4, 0, 2236686232
4, 0, 2071064828
4, 0, 2192664894
0, 4, 1997400814
4, 0, 2298507713
4, 0, 1974167819
4, 0, 1881838716
0, 4, 1978130896
4, 0, 2238917594
0, 4, 1688078901
0, 4, 1961152410
4, 0, 2191568868
0, 4, 1677686886
4, 0, 1994042398
0, 4, 1834375554
4, 0, 1955948430
4, 0, 2045149945
4, 0, 2219152819
4, 0, 2190389369
0, 4, 2067453180
4, 0, 2238307397
4, 0, 2259979109
4, 0, 2212865112
4, 0, 2324491801
4, 0, 2056236919
4, 0, 2265896157
4, 0, 1691335728
4, 0, 2217982918
4, 0, 1991983166
4, 0, 2176264229
4, 0, 1823627798
4, 0, 1822358341
4, 0, 2062618897
4, 0, 2221152519
0, 4, 1564602778
4, 0, 2218978291
4, 0, 1974163980
4, 0, 1990301546
4, 0, 2266438643
4, 0, 2252934869
4, 0, 1968933919
4, 0, 1551650043
0, 4, 2066046726
4, 0, 1988771138
4, 0, 1759956325
4, 0, 1551331383
4, 0, 1970432147
0, 4, 2064209906
0, 4, 1979007194
0, 4, 2049106351
0, 4, 2061362441
4, 0, 2060937765
4, 0, 2259597776
4, 0, 2222302314
4, 0, 2195924602
4, 0, 2058670489
4, 0, 1970540894
4, 0, 1692812547
4, 0, 2249705724
4, 0, 2069893935
4, 0, 1982514319
4, 0, 2266286042
4, 0, 2254997619
4, 0, 2226437137
4, 0, 1997045116
4, 0, 1825556778
0, 4, 1556795454
4, 0, 2059547714
4, 0, 2045937169
4, 0, 2218674847
4, 0, 2186365092
4, 0, 2224072266
4, 0, 2230093188
4, 0, 1694952749
0, 4, 2067586792
4, 0, 2300740145
4, 0, 1833609162
0, 4, 1990397691
0, 4, 2064095731
4, 0, 2008905086
4, 0, 2324861063
4, 0, 1979166686
0, 4, 2000827514
4, 0, 2192662089
4, 0, 2069873811
4, 0, 1827448805
4, 0, 2052464374
4, 0, 2250922818
4, 0, 1983703186
4, 0, 2000850549
0, 4, 1560005525
4, 0, 2062462844
4, 0, 2211879447
0, 4, 1989636999
4, 0, 1986299173
4, 0, 2052406333
4, 0, 1975968386
4, 0, 2247497263
4, 0, 1755181321
4, 0, 1997311699
4, 0, 2216033265
4, 0, 1573359893
4, 0, 2250941286
4, 0, 2203226114
4, 0, 1983050211
4, 0, 1975974650
4, 0, 2070721343
0, 4, 2053908077
4, 0, 2046495568
4, 0, 2175847582
4, 0, 1955981915
4, 0, 2062908053
4, 0, 2265090769
0, 4, 1985400868
4, 0, 1974863648
4, 0, 2223114936
4, 0, 1970907096
4, 0, 2177742119
4, 0, 2267221052
4, 0, 2070820798
4, 0, 2217857917
4, 0, 2194317645
4, 0, 2046467230
4, 0, 1932894075
4, 0, 2019063353
4, 0, 2015022371
4, 0, 1956401562
4, 0, 1754318478
4, 0, 1985731012
4, 0, 1823711653
4, 0, 2237250464
4, 0, 1979930698
4, 0, 2054003614
4, 0, 2263316622
4, 0, 1976254214
0, 4, 1833377886
4, 0, 2201921603
4, 0, 2230604767
0, 4, 1882248866
4, 0, 2249434032
0, 4, 1826278428
4, 0, 1964848828
4, 0, 1973600281
4, 0, 2324610918
4, 0, 2060563989
4, 0, 2069097190
4, 0, 1693261226
4, 0, 2012552114
4, 0, 2224821088
4, 0, 1993416833
0, 4, 2000415571
4, 0, 2288492366
4, 0, 2217989183
0, 4, 2002153594
4, 0, 1824425910
4, 0, 2300697824
4, 0, 1984668237
0, 4, 1685608923
0, 4, 1975613283
0, 4, 1990953879
4, 0, 1977590788
4, 0, 2060234867
4, 0, 2229602902
4, 0, 2057726337
4, 0, 2201991832
4, 0, 2187059013
4, 0, 2055262668
0, 4, 2175934588
4, 0, 1553179544
4, 0, 2056515412
4, 0, 2255094835
4, 0, 2045104647
4, 0, 2006668829
4, 0, 2002434115
4, 0, 1957381185
4, 0, 2052145882
4, 0, 2065807728
4, 0, 2044722446
4, 0, 2233961697
0, 4, 2003477634
4, 0, 2015491890
4, 0, 2071060347
4, 0, 2198538850
4, 0, 2324886142
4, 0, 2017153892
4, 0, 2264637819
4, 0, 2003826800
0, 4, 2053816641
4, 0, 2014253288
4, 0, 2191959318
0, 4, 1990682302
4, 0, 2200144904
0, 4, 2060000387
4, 0, 2054371561
4, 0, 2054869097
4, 0, 2181491569
0, 4, 1976468031
4, 0, 2254598772
0, 4, 2045483537
4, 0, 1978525707
0, 4, 1833802829
4, 0, 1836031467
4, 0, 2259533033
4, 0, 2180441515
4, 0, 2053791115
0, 4, 2185241564
4, 0, 1978859180
4, 0, 2175447381
0, 4, 1958097406
4, 0, 1826374428
4, 0, 2052248308
4, 0, 2203256445
0, 4, 1828075090
4, 0, 2057402708
4, 0, 1972178882
4, 0, 2039859105
0, 4, 2017684590
4, 0, 2326044507
4, 0, 2188285100
4, 0, 2180863659
4, 0, 1557870131
4, 0, 1990707499
4, 0, 1794214082
4, 0, 1677480407
4, 0, 1551577479
4, 0, 2206036164
4, 0, 1969062895
0, 4, 1986156092
4, 0, 2000094353
4, 0, 2063713267
0, 4, 2060244405
4, 0, 2204902016
4, 0, 2286138542
4, 0, 2070161190
4, 0, 2204372248
4, 0, 2218261915
0, 4, 1677809658
0, 4, 2182498321
4, 0, 1981494013
4, 0, 2199660687
4, 0, 2064768311
0, 4, 1826563835
4, 0, 2262818364
4, 0, 2187562779
0, 4, 1983433495
4, 0, 2178461549
4, 0, 2242703083
0, 4, 2001030096
4, 0, 2056400155
4, 0, 1963870457
0, 4, 2069100653
4, 0, 2055593800
4, 0, 2182823045
4, 0, 1752610713
0, 4, 1676827338
0, 4, 2065379865
4, 0, 1968300916
4, 0, 2234192025
4, 0, 2205324246
4, 0, 1836173778
4, 0, 1980822577
4, 0, 2199456316
4, 0, 1985478051
4, 0, 2264830009
4, 0, 1834158918
4, 0, 1961039465
4, 0, 2321897673
4, 0, 2231626859
4, 0, 2183073196
4, 0, 2263157114
4, 0, 1998023390
0, 4, 2000709333
4, 0, 2267033363
4, 0, 2231450436
4, 0, 2199899652
4, 0, 2199901832
4, 0, 1993985091
4, 0, 2227182970
4, 0, 2299163723
4, 0, 2053784982
0, 4, 2183598376
4, 0, 2203735455
4, 0, 1795318187
0, 4, 1975233353
4, 0, 1759615612
4, 0, 1469842102
4, 0, 1994290319
4, 0, 2002051255
0, 4, 2071283443
4, 0, 1972471021
4, 0, 2213754758
4, 0, 2063523113
0, 4, 2053570379
4, 0, 1979413307
4, 0, 2222998822
4, 0, 1978619890
4, 0, 1686185228
4, 0, 1828065420
0, 4, 2066047292
0, 4, 2177409655
4, 0, 2062234009
4, 0, 1982211971
0, 4, 2003263095
0, 4, 1696215891
4, 0, 1961084039
4, 0, 2175051933
4, 0, 1573512862
4, 0, 2014246238
4, 0, 2258812271
0, 4, 2189591238
4, 0, 2200098479
4, 0, 1834787460
4, 0, 2226295175
4, 0, 2185687287
4, 0, 1469787762
4, 0, 1771198039
4, 0, 1979314886
4, 0, 2232993969
4, 0, 2053835647
4, 0, 1755082319
4, 0, 2062354960
4, 0, 2201302800
4, 0, 2285378158
4, 0, 2174502244
4, 0, 2286451238
4, 0, 2174757151
4, 0, 2231495939
4, 0, 2014029447
4, 0, 2062305336
4, 0, 1557711312
4, 0, 2238941188
4, 0, 2071430605
4, 0, 2265232407
4, 0, 2237828527
4, 0, 2066881947
4, 0, 2189361818
4, 0, 1825339978
0, 4, 1932481527
4, 0, 2059994159
4, 0, 2221796792
0, 4, 2014753901
4, 0, 1962391823
4, 0, 2017391462
4, 0, 2182545902
4, 0, 1835394481
0, 4, 2059202007
4, 0, 2323526760
0, 4, 1979854714
4, 0, 2324666036
4, 0, 2203281875
4, 0, 2227298325
4, 0, 2210701270
4, 0, 1564644828
4, 0, 2229069811
4, 0, 2054174641
4, 0, 1881581051
4, 0, 2002889349
4, 0, 2175120654
4, 0, 1695403228
4, 0, 1557089018
4, 0, 2266072605
4, 0, 1822828419
4, 0, 2227507082
4, 0, 1967098968
4, 0, 1557127519
4, 0, 2325232813
4, 0, 2013399941
4, 0, 2056823994
4, 0, 2230640831
0, 4, 1755708109
4, 0, 2236675184
4, 0, 2207216431
4, 0, 2198890603
4, 0, 2203584431
0, 4, 1833813489
4, 0, 2217395123
4, 0, 1686920875
4, 0, 1980027615
4, 0, 1994431534
4, 0, 1678752734
4, 0, 1879985276
4, 0, 2178930669
4, 0, 1974234356
4, 0, 1990424938
4, 0, 2216339928
4, 0, 2051484319
4, 0, 2072423371
4, 0, 2192050550
0, 4, 1573385524
4, 0, 2054772176
4, 0, 1563766071
4, 0, 2209575792
4, 0, 2301536596
4, 0, 1759122182
4, 0, 2303069994
4, 0, 2300697643
4, 0, 2259537901
4, 0, 2187126967
4, 0, 1795167438
4, 0, 2000765354
4, 0, 1835451010
4, 0, 2008997526
4, 0, 2254475369
4, 0, 1983327129
0, 4, 1993924601
0, 4, 1754024315
4, 0, 1686980690
0, 4, 2189065358
4, 0, 2055633748
4, 0, 1759968274
4, 0, 2329113920
4, 0, 2285477616
0, 4, 1684927674
4, 0, 1695505597
0, 4, 2066232249
4, 0, 2299697792
4, 0, 1982818445
4, 0, 2000517752
4, 0, 2298574717
4, 0, 2072437483
0, 4, 1557632526
4, 0, 2210612389
4, 0, 1825882436
4, 0, 2199540542
4, 0, 2244535396
4, 0, 1985629149
4, 0, 1983086116
4, 0, 1823600922
4, 0, 2176341965
4, 0, 1553301492
0, 4, 2001166655
4, 0, 1826522063
0, 4, 1956341748
4, 0, 2242073054
4, 0, 1556395137
0, 4, 1548752185
0, 4, 1824135690
4, 0, 2218053895
4, 0, 2231949061
4, 0, 2192226516
4, 0, 1989295103
4, 0, 2001756320
0, 4, 1992229457
4, 0, 2062201491
4, 0, 2224037151
4, 0, 2286574186
4, 0, 1759492926
4, 0, 1833818886
4, 0, 1962702878
4, 0, 2185727078
4, 0, 2057557138
0, 4, 1564297902
4, 0, 2224317653
0, 4, 1468542524
4, 0, 2014733386
0, 4, 1957690280
4, 0, 2215070867
0, 4, 1691052283
4, 0, 2015133678
4, 0, 1962101339
4, 0, 1692524148
0, 4, 1556590682
4, 0, 1956099550
4, 0, 2282995435
4, 0, 2299765516
4, 0, 2222873077
0, 4, 1694312237
0, 4, 2012722962
4, 0, 2000983934
4, 0, 1468865007
4, 0, 2001684058
4, 0, 1973039969
4, 0, 2264948279
4, 0, 1996418149
4, 0, 2263865121
4, 0, 2204637855
4, 0, 1962015688
0, 4, 2053801687
4, 0, 2220965443
4, 0, 2253441557
4, 0, 2237294763
4, 0, 2179501072
0, 4, 1835738663
4, 0, 2201227970
4, 0, 1695758895
4, 0, 1998559652
4, 0, 2055787284
4, 0, 1753279114
0, 4, 1957729080
0, 4, 2046822666
4, 0, 2060643546
4, 0, 2215243571
4, 0, 2257294202
4, 0, 2248516072
0, 4, 1751503363
0, 4, 2016087347
4, 0, 2233071034
4, 0, 2175354464
4, 0, 2252921289
4, 0, 1988878381
0, 4, 1992687023
4, 0, 2013760796
4, 0, 2241544467
4, 0, 2203556404
4, 0, 1997196340
4, 0, 1976102785
4, 0, 2001293012
4, 0, 2230591381
4, 0, 1694065357
0, 4, 1752322242
4, 0, 2288474056
0, 4, 1833765257
4, 0, 1974413662
4, 0, 2057093803
4, 0, 2199471542
4, 0, 2328243614
4, 0, 2052562385
0, 4, 1690943538
4, 0, 1752557097
0, 4, 1827525908
4, 0, 2002598590
4, 0, 1997064547
4, 0, 1685363424
4, 0, 1982581761
4, 0, 2062183828
4, 0, 1548517242
4, 0, 1980162496
4, 0, 2198902763
0, 4, 1985892780
4, 0, 1882404021
4, 0, 2012703928
0, 4, 2061848594
4, 0, 1961258509
4, 0, 2241028778
4, 0, 2000665934
4, 0, 2213709266
0, 4, 1563736537
0, 4, 2000351448
0, 4, 2001525830
4, 0, 2299300371
0, 4, 2188228092
4, 0, 2049419289
4, 0, 2246978155
4, 0, 2209241909
0, 4, 2059896602
0, 4, 2014317083
4, 0, 2177557395
4, 0, 1557341783
4, 0, 2191811907
4, 0, 2253755911
4, 0, 2177170940
0, 4, 1989720663
4, 0, 2054464944
4, 0, 1991074956
4, 0, 2051698640
4, 0, 1991288158
4, 0, 1933065105
4, 0, 1881326448
0, 4, 1676872434
4, 0, 1469783570
4, 0, 2052299595
4, 0, 2006035606
4, 0, 1962227996
0, 4, 1881140267
4, 0, 2016399404
4, 0, 2002436272
4, 0, 2071470642
4, 0, 2198937250
4, 0, 2284935259
4, 0, 2058157289
4, 0, 2228861709
4, 0, 2297924984
0, 4, 2070408517
4, 0, 2000937602
4, 0, 2214603524
4, 0, 2217418177
4, 0, 2209731405
4, 0, 2070816038
0, 4, 2055196102
0, 4, 2063589457
4, 0, 1997871546
4, 0, 2228212831
0, 4, 1834747953
4, 0, 2064132792
4, 0, 2235278370
4, 0, 2296033934
